year,month,date,worker_number,real_number,vacation_number,biztrip_number,overtime_number,telecom_number,temperature,rain,wind,humidity,discomfort_index,perceived_temperature,dinner_rice,season_fall,season_spring,season_summer,season_winter,weekdays_friday,weekdays_monday,weekdays_thursday,weekdays_tuesday,weekdays_wednesday,vacation_N,vacation_Y,new_dinner_N,new_dinner_Y
2016,2,1,2601,2401,50,150,238,0,-0.6,0.0,1.3,43.9,39.275534,0.6415480875294988,0,0,0,0,1,0,1,0,0,0,1,0,1,0
2016,2,3,2601,2365,56,180,111,0,-1.7,0.0,0.6,57.1,35.796707,0.964631488441028,0,0,0,0,1,0,0,0,0,1,1,0,1,0
2016,2,4,2601,2277,104,220,355,0,-0.2,0.0,0.7,53.4,38.396068,2.181494415576727,0,0,0,0,1,0,0,1,0,0,1,0,1,0
2016,2,5,2601,2142,278,181,34,0,1.3,0.0,1.0,44.4,41.575228,3.0734,0,0,0,0,1,1,0,0,0,0,0,1,1,0
2016,2,12,2601,2056,389,156,93,0,9.2,62.8,1.1,88.0,49.18304,10.996936831685804,0,0,0,0,1,1,0,0,0,0,1,0,1,0
2016,2,15,2601,2310,87,204,482,0,-1.5,0.0,1.8,38.4,39.02356,-0.9568456012102348,0,0,0,0,1,0,1,0,0,0,1,0,1,0
2016,2,16,2601,2293,72,236,526,0,0.2,0.0,1.8,59.6,38.057208,0.8402225596369,0,0,0,0,1,0,0,0,1,0,1,0,1,0
2016,2,17,2601,2273,78,250,23,0,1.7,0.0,1.1,49.8,41.393734,3.3162407092369697,0,0,0,0,1,0,0,0,0,1,1,0,1,0
2016,2,18,2601,2270,77,254,367,0,2.3,0.0,1.1,61.8,40.732786,3.9306963990328776,0,0,0,0,1,0,0,1,0,0,1,0,1,0
2016,2,19,2601,2204,145,252,69,0,5.0,0.0,0.9,58.9,44.84285,6.996925081667167,0,0,0,0,1,1,0,0,0,0,1,0,1,0
2016,2,22,2601,2304,90,207,434,0,3.4,0.0,0.7,45.5,44.07903,5.767116320077945,0,0,0,0,1,0,1,0,0,0,1,0,1,0
2016,2,23,2601,2307,57,237,488,0,5.5,0.0,1.8,39.5,47.257275,6.442846825807379,0,0,0,0,1,0,0,0,1,0,1,0,1,0
2016,2,24,2601,2315,54,232,14,0,1.4,0.0,1.6,29.9,43.572714000000005,2.3305522511211247,0,0,0,0,1,0,0,0,0,1,1,0,1,0
2016,2,25,2601,2284,56,261,335,0,0.8,0.0,1.7,32.8,42.517376,1.5850250234563696,0,0,0,0,1,0,0,1,0,0,1,0,1,0
2016,2,26,2601,2179,144,278,42,0,1.8,0.0,0.9,61.0,40.12202,3.760534833317693,0,0,0,0,1,1,0,0,0,0,1,0,1,0
2016,2,29,2601,1838,595,168,110,0,-0.2,0.0,2.7,43.8,39.787876,-0.4256789073723097,0,0,0,0,1,0,1,0,0,0,0,1,1,0
2016,3,2,2624,2315,127,182,261,0,3.8,0.0,1.3,49.6,44.151152,5.195542281698645,0,0,1,0,0,0,0,0,0,1,1,0,1,0
2016,3,4,2624,2294,83,247,79,0,8.2,36.1,0.8,88.4,47.477112,10.382348262145523,0,0,1,0,0,1,0,0,0,0,1,0,1,0
2016,3,7,2624,2379,50,195,456,0,11.0,0.0,1.1,67.8,52.89802,12.840303901073518,0,0,1,0,0,0,1,0,0,0,1,0,1,0
2016,3,8,2624,2365,47,212,426,0,8.0,3.3,1.3,65.1,48.62662,9.542536739769194,0,0,1,0,0,0,0,0,1,0,1,0,1,0
2016,3,10,2624,2324,55,245,290,0,3.0,0.0,2.1,33.0,44.9911,3.5208162821164457,0,0,1,0,0,0,0,1,0,0,1,0,1,0
2016,3,11,2624,2241,108,275,76,0,2.0,0.0,1.5,34.1,43.71888,3.077076404874828,0,0,1,0,0,1,0,0,0,0,1,0,1,0
2016,3,17,2624,2330,52,242,327,0,9.3,0.0,1.1,55.3,51.016571,11.099346113318452,0,0,1,0,0,0,0,1,0,0,1,0,1,0
2016,3,18,2624,2229,118,277,57,0,9.8,27.6,0.5,89.3,50.131986,12.512063861653775,0,0,1,0,0,1,0,0,0,0,1,0,1,0
2016,3,21,2624,2354,65,205,329,0,9.3,0.0,1.1,62.5,50.649875,11.099346113318452,0,0,1,0,0,0,1,0,0,0,1,0,1,0
2016,3,22,2624,2375,41,208,378,0,9.6,0.0,1.0,64.5,50.98258,11.522799999999998,0,0,1,0,0,0,0,0,1,0,1,0,1,0
2016,3,24,2624,2320,53,251,293,0,8.3,0.0,2.0,45.6,50.249152,9.25183134715763,0,0,1,0,0,0,0,1,0,0,1,0,1,0
2016,3,31,2624,2340,36,248,158,0,12.0,0.0,0.9,61.9,54.52202,14.076528749931644,0,0,1,0,0,0,0,1,0,0,1,0,1,0
2016,4,1,2643,2286,103,254,47,0,13.6,0.0,1.1,57.3,56.836972,15.502945223522447,0,0,1,0,0,1,0,0,0,0,1,0,1,0
2016,4,4,2643,2360,62,221,367,0,11.2,2.6,1.0,81.9,52.741372,13.151600000000002,0,0,1,0,0,0,1,0,0,0,1,0,1,0
2016,4,5,2643,2370,31,242,370,0,12.4,0.0,0.9,66.8,54.991968,14.48107753097533,0,0,1,0,0,0,0,0,1,0,1,0,1,0
2016,4,6,2643,2357,37,249,0,0,11.8,26.1,1.0,64.9,54.158918,13.762400000000005,0,0,1,0,0,0,0,0,0,1,1,0,1,0
2016,4,7,2643,2338,47,258,339,0,12.2,28.7,0.7,82.5,54.34885,14.531969864414252,0,0,1,0,0,0,0,1,0,0,1,0,1,0
2016,4,8,2643,2273,87,283,64,0,15.0,0.0,1.0,60.3,58.78165,17.020000000000003,0,0,1,0,0,1,0,0,0,0,1,0,1,0
2016,4,11,2643,2358,82,203,392,0,10.8,0.0,1.7,66.0,52.66672,12.116358783408192,0,0,1,0,0,0,1,0,0,0,1,0,1,0
2016,4,12,2643,2342,76,225,239,0,11.5,3.1,1.2,58.6,53.90681,13.255409084802316,0,0,1,0,0,0,0,0,1,0,0,1,1,0
2016,4,14,2643,2285,106,252,326,0,17.1,0.0,1.3,57.6,61.665304000000006,18.961024732255385,0,0,1,0,0,0,0,1,0,0,1,0,1,0
2016,4,19,2643,2360,44,239,387,0,13.5,0.0,1.8,46.5,56.800225,14.899638170970368,0,0,1,0,0,0,0,0,1,0,1,0,1,0
2016,4,20,2643,2334,47,262,0,0,13.5,0.0,1.2,58.8,56.68522,15.314882759887922,0,0,1,0,0,0,0,0,0,1,1,0,1,0
2016,4,21,2643,2313,66,264,312,0,13.8,33.2,0.7,89.0,56.91018,16.125579599748125,0,0,1,0,0,0,0,1,0,0,1,0,1,0
2016,4,22,2643,2218,150,275,86,0,17.0,0.0,1.3,70.9,61.86377,18.857524864206084,0,0,1,0,0,1,0,0,0,0,1,0,1,0
2016,4,25,2643,2346,96,201,281,0,15.4,0.0,1.1,51.6,59.262136,17.346312292910167,0,0,1,0,0,0,1,0,0,0,1,0,1,0
2016,4,26,2643,2365,51,227,304,0,16.3,1.2,1.2,61.4,60.630918,18.198145905007777,0,0,1,0,0,0,0,0,1,0,1,0,1,0
2016,4,28,2643,2318,56,269,196,0,14.1,5.0,0.9,77.1,57.458089,16.20040985041099,0,0,1,0,0,0,0,1,0,0,1,0,1,0
2016,4,29,2643,2222,139,282,28,0,15.0,0.0,1.3,63.3,58.79815,16.78752750322011,0,0,1,0,0,1,0,0,0,0,1,0,1,0
2016,5,4,2635,2241,150,244,0,0,17.8,0.0,4.2,32.4,61.794328,18.757336354998326,0,0,1,0,0,0,0,0,0,1,0,1,1,0
2016,5,9,2635,2301,101,233,344,0,17.6,0.0,0.8,54.9,62.271076,19.82082718021829,0,0,1,0,0,0,1,0,0,0,1,0,1,0
2016,5,11,2635,2309,60,266,0,0,15.8,0.1,1.1,72.3,60.068266,17.755949419440775,0,0,1,0,0,0,0,0,0,1,1,0,1,0
2016,5,13,2635,2182,185,268,80,0,16.2,0.0,1.2,71.8,60.669884,18.09517222125349,0,0,1,0,0,1,0,0,0,0,1,0,1,0
2016,5,16,2635,2320,99,216,368,0,15.1,6.0,1.8,58.1,58.908069,16.590996440002964,0,0,1,0,0,0,1,0,0,0,1,0,1,0
2016,5,17,2635,2340,41,254,377,0,16.4,0.0,1.0,53.8,60.625568,18.4452,0,0,1,0,0,0,0,0,1,0,1,0,1,0
2016,5,18,2635,2307,71,257,0,0,19.3,0.0,1.0,56.8,64.663376,21.3974,0,0,1,0,0,0,0,0,0,1,1,0,1,0
2016,5,19,2635,2304,65,266,264,0,19.0,0.0,0.9,58.6,64.33286000000001,21.156132418196123,0,0,1,0,0,0,0,1,0,0,1,0,1,0
2016,5,20,2635,2179,169,287,56,0,19.3,0.0,1.0,55.4,64.596078,21.3974,0,0,1,0,0,1,0,0,0,0,1,0,1,0
2016,5,23,2635,2344,88,203,362,0,19.8,0.0,1.1,56.8,65.349536,21.85232068474681,0,0,1,0,0,0,1,0,0,0,1,0,1,0
2016,5,24,2635,2327,74,234,310,0,18.7,25.6,1.1,86.5,65.09124499999999,20.72581858678765,0,0,1,0,0,0,0,0,1,0,1,0,1,0
2016,5,26,2635,2286,64,285,227,0,20.6,0.0,0.9,64.9,66.941006,22.774327542370862,0,0,1,0,0,0,0,1,0,0,1,0,1,0
2016,5,27,2635,2181,163,291,61,0,22.5,0.0,1.1,56.8,69.0548,24.61737128882839,0,0,1,0,0,1,0,0,0,0,1,0,1,0
2016,5,31,2635,2335,50,250,185,0,21.2,0.0,0.8,62.4,67.64531199999999,23.435563787139785,0,0,1,0,0,0,0,0,1,0,1,0,1,0
2016,6,1,2637,2317,75,245,0,0,20.4,0.0,1.4,57.4,66.208304,22.33570231961864,0,0,0,1,0,0,0,0,0,1,1,0,1,0
2016,6,3,2637,2178,191,268,64,0,20.7,0.0,1.2,54.5,66.442185,22.72898799019612,0,0,0,1,0,1,0,0,0,0,0,1,1,0
2016,6,7,2637,2330,115,192,389,0,21.1,0.0,1.0,76.9,68.457941,23.229800000000004,0,0,0,1,0,0,0,0,1,0,1,0,1,0
2016,6,8,2637,2339,58,240,0,0,21.2,0.0,0.9,80.0,68.82239999999999,23.381150713936385,0,0,0,1,0,0,0,0,0,1,1,0,1,0
2016,6,9,2637,2316,69,252,359,0,21.7,0.0,1.1,76.9,69.400727,23.798097035767185,0,0,0,1,0,0,0,1,0,0,1,0,1,0
2016,6,10,2637,2216,151,270,61,0,22.5,0.0,1.2,71.5,70.227125,24.58251429777316,0,0,0,1,0,1,0,0,0,0,1,0,1,0
2016,6,14,2637,2340,56,241,432,0,23.0,0.0,1.6,70.4,70.89287999999999,24.98823510537759,0,0,0,1,0,0,0,0,1,0,1,0,1,0
2016,6,15,2637,2317,60,260,0,0,21.9,0.0,1.3,78.6,69.84046599999999,23.92901839862173,0,0,0,1,0,0,0,0,0,1,1,0,1,0
2016,6,16,2637,2301,73,263,336,0,23.8,0.0,1.4,65.6,71.653872,25.87146714649805,0,0,0,1,0,0,0,1,0,0,1,0,1,0
2016,6,21,2637,2340,49,248,349,0,22.6,2.0,0.8,86.0,71.54964000000001,24.84129468983147,0,0,0,1,0,0,0,0,1,0,1,0,1,0
2016,6,22,2637,2332,47,258,0,0,21.5,11.8,0.7,88.3,69.882755,23.7948264510424,0,0,0,1,0,0,0,0,0,1,1,0,1,0
2016,6,23,2637,2313,53,271,346,0,23.7,0.0,1.1,71.6,72.05770799999999,25.84628266842021,0,0,0,1,0,0,0,1,0,0,1,0,1,0
2016,6,24,2637,2184,169,284,52,0,22.5,73.6,1.3,79.9,70.897025,24.55001760691752,0,0,0,1,0,1,0,0,0,0,1,0,1,0
2016,6,27,2637,2314,96,227,300,0,20.4,0.1,0.7,81.8,67.646928,22.69921975800036,0,0,0,1,0,0,1,0,0,0,1,0,1,0
2016,6,28,2637,2321,63,253,226,0,21.3,0.0,0.9,73.0,68.50751,23.48228790919731,0,0,0,1,0,0,0,0,1,0,1,0,1,0
2016,6,30,2637,2314,76,247,151,0,23.5,0.0,1.4,78.3,72.354595,25.55948789706752,0,0,0,1,0,0,0,1,0,0,1,0,1,0
2016,7,1,2643,2283,145,215,41,0,23.9,43.1,1.4,84.6,73.578406,25.975460229641563,0,0,0,1,0,1,0,0,0,0,1,0,1,0
2016,7,4,2643,2365,88,190,385,0,23.8,0.5,0.6,88.3,73.75634600000001,26.1301277026086,0,0,0,1,0,0,1,0,0,0,1,0,1,0
2016,7,5,2643,2362,55,226,376,0,26.5,0.1,1.8,80.9,77.420415,28.641924106860227,0,0,0,1,0,0,0,0,1,0,1,0,1,0
2016,7,6,2643,2363,56,224,0,0,26.4,9.3,1.5,78.6,76.987096,28.5647166254854,0,0,0,1,0,0,0,0,0,1,1,0,1,0
2016,7,8,2643,2228,155,260,60,0,25.5,0.0,1.3,74.9,75.152805,27.655013648396483,0,0,0,1,0,1,0,0,0,0,1,0,1,0
2016,7,11,2643,2312,121,210,366,0,24.4,2.2,0.8,84.9,74.43174400000001,26.648662993292213,0,0,0,1,0,0,1,0,0,0,1,0,1,0
2016,7,12,2643,2348,72,223,382,0,24.2,4.2,1.0,86.8,74.285144,26.385600000000004,0,0,0,1,0,0,0,0,1,0,1,0,1,0
2016,7,13,2643,2323,79,241,0,0,25.8,0.0,0.9,80.1,76.202842,28.033461695938755,0,0,0,1,0,0,0,0,0,1,1,0,1,0
2016,7,14,2643,2307,84,252,308,0,26.7,0.0,1.3,67.1,76.068243,28.89701206498807,0,0,0,1,0,0,0,1,0,0,1,0,1,0
2016,7,15,2643,2193,189,261,55,0,25.0,0.0,1.3,64.9,73.33205000000001,27.13751430814999,0,0,0,1,0,1,0,0,0,0,1,0,1,0
2016,7,18,2643,2309,126,208,343,0,24.3,0.0,0.9,72.6,73.06658200000001,26.51640376702494,0,0,0,1,0,0,1,0,0,0,1,0,1,0
2016,7,19,2643,2299,111,233,263,0,24.7,0.0,0.9,74.5,73.87098499999999,26.92095254806862,0,0,0,1,0,0,0,0,1,0,1,0,1,0
2016,7,21,2643,2273,115,255,263,0,24.3,0.0,1.0,71.8,72.98852600000001,26.487400000000004,0,0,0,1,0,0,0,1,0,0,1,0,1,0
2016,7,22,2643,2120,251,272,47,0,24.0,0.0,0.8,75.5,72.8823,26.247025592523165,0,0,0,1,0,1,0,0,0,0,1,0,1,0
2016,7,26,2643,2198,260,185,269,0,28.0,0.0,1.4,74.5,78.9779,30.23917663852557,0,0,0,1,0,0,0,0,1,0,1,0,1,0
2016,7,27,2643,2152,299,192,0,0,28.6,0.0,1.5,71.6,79.500024,30.86278254701586,0,0,0,1,0,0,0,0,0,1,1,0,1,0
2016,7,28,2643,2099,340,204,197,0,28.7,0.0,1.6,73.6,79.934168,30.96734585858416,0,0,0,1,0,0,0,1,0,0,1,0,1,0
2016,7,29,2643,1950,486,207,36,0,28.6,0.0,1.4,74.6,79.920444,30.86313513738664,0,0,0,1,0,1,0,0,0,0,1,0,1,0
2016,8,1,2644,2023,512,109,238,0,26.8,1.6,1.0,73.9,77.047448,29.03240000000001,0,0,0,1,0,0,1,0,0,0,1,0,1,0
2016,8,2,2644,2017,460,167,268,0,25.9,10.2,1.0,78.9,76.227049,28.116200000000003,0,0,0,1,0,0,0,0,1,0,1,0,1,0
2016,8,4,2644,1977,467,200,262,0,27.1,0.0,1.2,73.6,77.47234399999999,29.319303750470063,0,0,0,1,0,0,0,1,0,0,1,0,1,0
2016,8,5,2644,1894,538,212,46,0,27.7,0.0,1.2,69.8,77.89685399999999,29.93714585299574,0,0,0,1,0,1,0,0,0,0,1,0,1,0
2016,8,8,2644,2043,421,180,255,0,27.5,0.4,1.0,73.0,78.01025,29.745000000000005,0,0,0,1,0,0,1,0,0,0,1,0,1,0
2016,8,9,2644,2070,392,182,286,0,27.4,0.0,1.0,73.8,77.959588,29.6432,0,0,0,1,0,0,0,0,1,0,1,0,1,0
2016,8,10,2644,2045,411,188,0,0,29.1,0.0,1.1,67.0,79.59203,31.37638387658336,0,0,0,1,0,0,0,0,0,1,1,0,1,0
2016,8,11,2644,2029,413,202,295,0,29.9,0.0,1.0,67.1,80.78597099999999,32.1882,0,0,0,1,0,0,0,1,0,0,1,0,1,0
2016,8,12,2644,1842,587,215,60,0,30.5,0.0,1.1,66.3,81.543385,32.810113819440474,0,0,0,1,0,1,0,0,0,0,0,1,1,0
2016,8,18,2644,2155,274,215,364,0,27.2,0.0,1.0,71.6,77.373648,29.4396,0,0,0,1,0,0,0,1,0,0,1,0,1,0
2016,8,19,2644,2062,345,237,59,0,27.5,0.0,0.9,68.9,77.480325,29.752794015374413,0,0,0,1,0,1,0,0,0,0,1,0,1,0
2016,8,23,2644,2347,86,211,386,0,26.8,1.1,0.9,73.0,76.93736,29.04483364854797,0,0,0,1,0,0,0,0,1,0,1,0,1,0
2016,8,25,2644,2280,123,241,308,0,26.6,0.0,1.0,69.0,76.14946,28.828800000000008,0,0,0,1,0,0,0,1,0,0,1,0,1,0
2016,8,29,2644,2310,132,202,352,0,21.1,0.1,1.8,61.1,67.416879,22.93358994887521,0,0,0,1,0,0,1,0,0,0,1,0,1,0
2016,8,30,2644,2306,96,242,268,0,22.0,0.0,2.1,55.1,68.24148,23.812363410319943,0,0,0,1,0,0,0,0,1,0,1,0,1,0
2016,9,2,2769,2313,177,279,76,0,19.2,76.4,0.8,89.8,66.079784,21.42737678329452,0,1,0,0,0,1,0,0,0,0,1,0,1,0
2016,9,5,2769,2444,100,225,447,0,24.9,0.5,0.6,82.9,75.04997900000001,27.21569812753347,0,1,0,0,0,0,1,0,0,0,1,0,1,0
2016,9,6,2769,2457,59,253,477,0,24.2,0.0,0.7,81.4,73.763612,26.484042879418304,0,1,0,0,0,0,0,0,1,0,1,0,1,0
2016,9,8,2769,2445,69,255,438,0,23.3,0.0,0.8,68.1,71.143327,25.54416014117732,0,1,0,0,0,0,0,1,0,0,1,0,1,0
2016,9,9,2769,2344,137,288,86,0,23.1,0.0,0.8,74.0,71.35206,25.34334144079279,0,1,0,0,0,1,0,0,0,0,1,0,1,0
2016,9,19,2769,2422,167,180,550,0,20.7,0.0,2.3,62.5,66.937625,22.37178244326673,0,1,0,0,0,0,1,0,0,0,1,0,1,0
2016,9,20,2769,2473,69,227,588,0,18.9,0.0,2.2,57.0,64.12326999999999,20.469028653608603,0,1,0,0,0,0,0,0,1,0,1,0,1,0
2016,9,21,2769,2465,58,246,0,0,18.0,0.0,1.0,68.4,63.28768,20.074000000000005,0,1,0,0,0,0,0,0,0,1,1,0,1,0
2016,9,22,2769,2379,137,253,403,0,19.0,0.0,0.7,75.0,65.0725,21.304811239583216,0,1,0,0,0,0,0,1,0,0,1,0,1,0
2016,9,23,2769,2326,165,278,99,0,19.8,0.0,0.8,74.1,66.266782,22.02983288444809,0,1,0,0,0,1,0,0,0,0,1,0,1,0
2016,9,26,2769,2475,70,224,494,0,21.7,3.8,0.5,82.4,69.795792,24.13095540506677,0,1,0,0,0,0,1,0,0,0,1,0,1,0
2016,9,27,2769,2480,56,233,380,0,24.1,0.0,0.8,82.0,73.65938,26.34743494271543,0,1,0,0,0,0,0,0,1,0,1,0,1,0
2016,9,28,2769,2494,50,225,0,0,22.0,16.7,0.5,90.0,70.852,24.42386863725365,0,1,0,0,0,0,0,0,0,1,1,0,1,0
2016,10,4,2670,2372,59,239,1035,0,21.8,1.9,1.3,72.1,69.20832200000001,23.82551853057243,0,1,0,0,0,0,0,0,1,0,1,0,1,0
2016,10,5,2670,2401,41,228,0,0,20.0,82.2,2.2,81.4,66.977,21.647471606726675,0,1,0,0,0,0,0,0,0,1,1,0,1,0
2016,10,6,2670,2369,56,245,378,0,18.9,0.0,0.7,68.5,64.630535,21.20521063112485,0,1,0,0,0,0,0,1,0,0,1,0,1,0
2016,10,7,2670,2274,144,252,80,0,18.3,1.6,0.7,79.9,64.17278300000001,20.607606980374648,0,1,0,0,0,1,0,0,0,0,1,0,1,0
2016,10,10,2670,2350,104,216,443,0,14.4,0.0,0.8,69.9,57.933244,16.607727974065863,0,1,0,0,0,0,1,0,0,0,1,0,1,0
2016,10,11,2670,2345,69,256,386,0,14.3,0.0,0.4,78.4,57.770888,17.0846945249693,0,1,0,0,0,0,0,0,1,0,1,0,1,0
2016,10,12,2670,2355,64,251,0,0,15.6,0.0,0.7,69.9,59.735656,17.918390551998733,0,1,0,0,0,0,0,0,0,1,1,0,1,0
2016,10,13,2670,2342,66,262,612,0,15.2,0.0,0.3,79.1,59.203668,18.159822520253247,0,1,0,0,0,0,0,1,0,0,1,0,1,0
2016,10,14,2670,2261,144,265,172,0,14.8,0.0,0.5,72.1,58.541792,17.393951064768483,0,1,0,0,0,1,0,0,0,0,1,0,1,0
2016,10,17,2670,2322,107,241,425,0,18.0,0.0,0.6,84.3,63.84736,20.406210916641072,0,1,0,0,0,0,1,0,0,0,1,0,1,0
2016,10,18,2670,2355,53,262,394,0,16.7,0.0,0.6,78.6,61.582138,19.12326405082076,0,1,0,0,0,0,0,0,1,0,1,0,1,0
2016,10,20,2670,2296,105,269,281,0,16.2,0.0,0.6,78.1,60.779378,18.62982294858218,0,1,0,0,0,0,0,1,0,0,1,0,1,0
2016,10,21,2670,2162,228,280,62,0,16.5,0.0,1.1,70.3,61.095605,18.472814390869328,0,1,0,0,0,1,0,0,0,0,1,0,1,0
2016,10,26,2670,2323,89,258,0,0,13.9,0.0,0.6,77.6,57.140736,16.35999387828472,0,1,0,0,0,0,0,0,0,1,1,0,1,0
2016,10,27,2670,2304,94,272,240,0,14.2,0.0,0.9,70.6,57.631148,16.30154704567191,0,1,0,0,0,0,0,1,0,0,1,0,1,0
2016,10,31,2670,2313,134,223,255,0,7.9,0.7,0.5,80.9,47.457489,10.656946724470188,0,1,0,0,0,0,1,0,0,0,1,0,1,0
2016,11,2,2689,2385,73,231,0,0,5.5,0.0,1.1,56.3,45.769635,7.207793411277709,0,1,0,0,0,0,0,0,0,1,1,0,1,0
2016,11,3,2689,2334,72,283,408,0,7.7,0.0,0.7,73.1,47.656113000000005,10.04994248378773,0,1,0,0,0,0,0,1,0,0,1,0,1,0
2016,11,4,2689,2245,168,276,81,0,9.6,0.0,0.9,69.0,50.766760000000005,11.649236063669536,0,1,0,0,0,1,0,0,0,0,1,0,1,0
2016,11,7,2689,2334,133,222,539,0,12.4,0.0,0.7,71.9,54.888744,14.731171081330984,0,1,0,0,0,0,1,0,0,0,1,0,1,0
2016,11,8,2689,2379,60,250,503,0,11.1,0.0,1.5,54.8,53.476572,12.58271271665992,0,1,0,0,0,0,0,0,1,0,1,0,1,0
2016,11,9,2689,2364,58,267,0,0,5.8,0.0,1.1,46.9,46.984298,7.515021256175663,0,1,0,0,0,0,0,0,0,1,1,0,1,0
2016,11,10,2689,2349,73,267,385,0,9.2,0.0,0.9,64.3,50.413544,11.244687282625856,0,1,0,0,0,0,0,1,0,0,1,0,1,0
2016,11,14,2689,2370,92,227,461,0,14.3,4.0,0.6,90.4,57.753728,16.754746760075577,0,1,0,0,0,0,1,0,0,0,1,0,1,0
2016,11,15,2689,2350,66,273,418,0,11.3,0.0,1.0,56.0,53.70972,13.2534,0,1,0,0,0,0,0,0,1,0,1,0,1,0
2016,11,16,2689,2379,60,250,0,0,6.7,0.0,0.5,61.0,47.05013,9.48529379572266,0,1,0,0,0,0,0,0,0,1,1,0,1,0
2016,11,17,2689,2292,134,263,411,0,9.1,0.0,0.7,61.9,50.395871,11.44435100220487,0,1,0,0,0,0,0,1,0,0,1,0,1,0
2016,11,21,2689,2393,94,202,522,0,10.7,0.0,0.3,82.6,51.905018,13.891454469602294,0,1,0,0,0,0,1,0,0,0,1,0,1,0
2016,11,23,2689,2386,52,251,0,0,6.5,0.0,1.4,32.9,48.977415,7.880663762670427,0,1,0,0,0,0,0,0,0,1,1,0,1,0
2016,11,24,2689,2366,61,262,351,0,3.1,0.0,2.4,33.5,45.048615,3.3810210811007155,0,1,0,0,0,0,0,1,0,0,1,0,1,0
2016,11,25,2689,2210,200,279,68,0,3.2,0.0,0.8,50.3,43.292604,5.361880752532345,0,1,0,0,0,1,0,0,0,0,1,0,1,0
2016,11,28,2689,2356,114,219,397,0,3.9,0.0,0.8,61.5,43.039015,6.064746203878189,0,1,0,0,0,0,1,0,0,0,1,0,1,0
2016,11,29,2689,2387,84,218,388,0,3.7,0.0,1.0,56.0,43.34028,5.5166,0,1,0,0,0,0,0,0,1,0,1,0,1,0
2016,12,6,2705,2414,69,222,799,0,3.6,0.0,1.2,40.0,44.9216,5.12048806821416,0,0,0,0,1,0,0,0,1,0,1,0,1,0
2016,12,13,2705,2414,65,226,511,0,6.2,0.0,0.7,64.0,46.09832,8.555933356912222,0,0,0,0,1,0,0,0,1,0,1,0,1,0
2016,12,15,2705,2373,98,234,229,0,-0.2,0.0,1.9,47.6,39.236952,0.3080990356983921,0,0,0,0,1,0,0,1,0,0,1,0,1,0
2016,12,16,2705,2276,167,262,37,0,-1.2,0.0,1.1,35.8,39.783296,0.3463715418900883,0,0,0,0,1,1,0,0,0,0,1,0,1,0
2016,12,19,2705,2384,104,217,197,0,5.9,11.0,0.5,86.6,43.753506,8.704191843224308,0,0,0,0,1,0,1,0,0,0,1,0,1,0
2016,12,20,2705,2378,89,238,126,0,8.2,0.0,0.7,81.5,47.90367,10.547945526079566,0,0,0,0,1,0,0,0,1,0,1,0,1,0
2016,12,21,2705,2403,72,230,0,0,6.8,45.7,0.7,87.5,45.186,9.153537007662427,0,0,0,0,1,0,0,0,0,1,1,0,1,0
2016,12,22,2705,2345,118,242,32,0,11.5,11.0,2.8,65.1,53.717335,12.237383224645358,0,0,0,0,1,0,0,1,0,0,1,0,1,0
2016,12,23,2705,2119,343,243,7,0,4.1,0.0,1.8,49.4,44.561946,4.962908340403857,0,0,0,0,1,1,0,0,0,0,1,0,1,0
2016,12,26,2705,2305,206,194,63,0,5.7,15.3,0.7,86.0,43.47198,8.057930314620389,0,0,0,0,1,0,1,0,0,0,1,0,1,0
2016,12,28,2705,2314,166,225,0,0,-0.5,0.0,0.7,55.6,37.66898,1.8826925902016247,0,0,0,0,1,0,0,0,0,1,1,0,1,0
2016,12,30,2705,2049,529,127,3,0,-1.9,0.0,0.5,51.6,36.411604,1.0884478063653655,0,0,0,0,1,1,0,0,0,0,1,0,1,0
2017,1,3,2697,2478,61,158,259,0,2.5,0.0,0.4,68.4,40.2367,5.710311365869622,0,0,0,0,1,0,0,0,1,0,1,0,1,0
2017,1,4,2697,2460,67,170,0,0,1.8,0.0,0.2,71.9,38.757558,6.001658809902703,0,0,0,0,1,0,0,0,0,1,1,0,1,0
2017,1,5,2697,2411,79,207,316,0,4.5,0.0,0.9,68.1,43.240555,6.491239105362563,0,0,0,0,1,0,0,1,0,0,1,0,1,0
2017,1,6,2697,2284,189,224,74,0,5.7,0.0,1.2,60.5,45.679515,7.28293542705405,0,0,0,0,1,1,0,0,0,0,1,0,1,0
2017,1,9,2697,2410,121,166,445,0,4.7,0.0,1.7,57.4,44.569622,5.69224518983758,0,0,0,0,1,0,1,0,0,0,1,0,1,0
2017,1,11,2697,2417,57,223,0,0,-0.1,0.0,1.4,33.0,41.46733,1.0171202751986157,0,0,0,0,1,0,0,0,0,1,1,0,1,0
2017,1,13,2697,2259,191,247,62,0,-0.2,0.0,2.0,44.9,39.628398,0.2035443700697307,0,0,0,0,1,1,0,0,0,0,1,0,1,0
2017,1,16,2697,2378,123,196,432,0,-2.4,0.0,0.9,39.8,37.718952,-0.4872273676409941,0,0,0,0,1,0,1,0,0,0,1,0,1,0
2017,1,18,2697,2398,59,240,0,0,1.2,0.0,0.9,49.4,40.794672000000006,3.1537116617521663,0,0,0,0,1,0,0,0,0,1,1,0,1,0
2017,1,19,2697,2368,93,236,334,0,-0.5,0.0,0.4,59.1,37.151155,2.818519037284956,0,0,0,0,1,0,0,1,0,0,1,0,1,0
2017,1,23,2697,2387,108,202,396,0,-3.5,0.0,1.8,39.8,36.39453,-3.071043437500982,0,0,0,0,1,0,1,0,0,0,1,0,1,0
2017,1,24,2697,2416,63,218,273,0,-3.4,0.0,1.2,44.1,35.755294,-2.0876697945854694,0,0,0,0,1,0,0,0,1,0,1,0,1,0
2017,1,25,2697,2415,79,203,0,0,-3.1,0.0,0.5,49.0,35.27819,-0.0832051223821648,0,0,0,0,1,0,0,0,0,1,1,0,1,0
2017,1,26,2697,2211,369,117,28,0,-0.2,0.0,0.8,45.8,39.497916,1.9479628459953848,0,0,0,0,1,0,0,1,0,0,0,1,1,0
2017,1,31,2697,2462,177,58,278,0,-1.1,0.0,0.6,50.9,37.575999,1.5567608111273232,0,0,0,0,1,0,0,0,1,0,1,0,1,0
2017,2,2,2632,2370,45,217,427,0,0.6,0.0,1.1,37.9,41.591426,2.189738611277808,0,0,0,0,1,0,0,1,0,0,1,0,1,0
2017,2,3,2632,2275,104,253,92,0,1.1,0.0,0.6,48.8,40.744032,3.727901660977074,0,0,0,0,1,1,0,0,0,0,1,0,1,0
2017,2,6,2632,2381,49,202,610,0,2.1,0.0,1.9,40.9,43.002611,2.7481311411017657,0,0,0,0,1,0,1,0,0,0,1,0,1,0
2017,2,9,2632,2340,65,227,377,0,0.1,0.0,3.0,31.5,41.907685,-0.3255910495971661,0,0,0,0,1,0,0,1,0,0,1,0,1,0
2017,2,13,2632,2375,61,196,505,0,1.8,0.0,0.7,50.0,41.499,4.17350658474407,0,0,0,0,1,0,1,0,0,0,1,0,1,0
2017,2,14,2632,2356,53,223,444,0,2.2,0.0,0.9,49.5,42.08161,4.165083614361377,0,0,0,0,1,0,0,0,1,0,1,0,1,0
2017,2,15,2632,2348,51,233,0,0,2.2,0.0,0.5,49.6,42.069488,5.091595312919424,0,0,0,0,1,0,0,0,0,1,1,0,1,0
2017,2,17,2632,2219,144,269,73,0,10.2,0.4,2.2,44.1,52.708918,11.14861620622023,0,0,0,0,1,1,0,0,0,0,1,0,1,0
2017,2,21,2632,2343,63,226,445,0,1.6,0.0,0.6,48.3,41.454172,4.221342763215654,0,0,0,0,1,0,0,0,1,0,1,0,1,0
2017,2,23,2632,2285,75,272,307,0,4.1,0.0,2.6,42.6,45.258334000000005,4.314157308356999,0,0,0,0,1,0,0,1,0,0,1,0,1,0
2017,2,24,2632,2167,174,291,63,0,2.5,0.0,2.2,31.1,44.647425,2.8995155343937404,0,0,0,0,1,1,0,0,0,0,1,0,1,0
2017,2,27,2632,2317,134,181,368,0,5.1,0.0,0.8,60.1,44.871149,7.269658406185352,0,0,0,0,1,0,1,0,0,0,1,0,1,0
2017,3,2,2627,2222,190,215,428,0,4.5,1.3,2.5,50.6,44.96343,4.81742675214779,0,0,1,0,0,0,0,1,0,0,1,0,1,0
2017,3,3,2627,2197,174,256,70,0,4.0,0.0,0.9,48.6,44.51476,5.985553129057957,0,0,1,0,0,1,0,0,0,0,1,0,1,0
2017,3,6,2627,2363,63,201,490,0,4.7,0.0,2.5,32.6,46.962078,5.033548084182806,0,0,1,0,0,0,1,0,0,0,1,0,1,0
2017,3,7,2627,2372,41,214,455,0,1.2,0.0,2.0,35.4,42.630352,1.6938504604136209,0,0,1,0,0,0,0,0,1,0,1,0,1,0
2017,3,9,2627,2318,55,254,346,0,5.1,0.0,2.4,37.5,46.961875,5.536256616848421,0,0,1,0,0,0,0,1,0,0,1,0,1,0
2017,3,10,2627,2191,145,291,63,0,5.6,0.0,1.0,42.0,47.15848,7.450800000000001,0,0,1,0,0,1,0,0,0,0,1,0,1,0
2017,3,13,2627,2334,82,211,449,0,9.3,0.0,1.2,47.8,51.398546,10.989988042208148,0,0,1,0,0,0,1,0,0,0,1,0,1,0
2017,3,14,2627,2351,46,230,437,0,8.4,0.0,1.8,43.4,50.506944,9.508433688428966,0,0,1,0,0,0,0,0,1,0,1,0,1,0
2017,3,15,2627,2353,40,234,0,0,5.5,0.0,1.1,43.0,46.94735,7.207793411277709,0,0,1,0,0,0,0,0,0,1,1,0,1,0
2017,3,16,2627,2321,47,259,357,0,6.5,0.0,1.0,56.0,47.1606,8.367,0,0,1,0,0,0,0,1,0,0,1,0,1,0
2017,3,17,2627,2199,129,299,59,0,6.5,0.0,1.0,49.5,47.671825,8.367,0,0,1,0,0,1,0,0,0,0,1,0,1,0
2017,3,21,2627,2350,55,222,454,0,9.2,2.3,1.6,54.4,50.927552,10.51249328182485,0,0,1,0,0,0,0,0,1,0,1,0,1,0
2017,3,22,2627,2339,53,235,0,0,6.9,0.0,0.8,55.4,47.751174000000006,9.077026709646097,0,0,1,0,0,0,0,0,0,1,1,0,1,0
2017,3,23,2627,2320,62,245,321,0,9.3,0.0,0.8,49.4,51.317058,11.486851114260425,0,0,1,0,0,0,0,1,0,0,1,0,1,0
2017,3,27,2627,2280,105,242,360,0,5.6,0.0,1.2,60.8,45.512352,7.179961743299771,0,0,1,0,0,0,1,0,0,0,1,0,1,0
2017,3,28,2627,2335,44,248,368,0,7.4,0.6,1.1,55.6,48.416456,9.153569762298083,0,0,1,0,0,0,0,0,1,0,1,0,1,0
2017,3,29,2627,2348,42,237,0,0,7.0,4.5,0.8,86.6,45.58758,9.177436059838362,0,0,1,0,0,0,0,0,0,1,1,0,1,0
2017,4,5,2626,2312,63,251,0,0,13.4,48.5,1.3,77.4,56.353684,15.13152961443133,0,0,1,0,0,0,0,0,0,1,1,0,1,0
2017,4,6,2626,2290,65,271,317,0,15.6,15.7,1.5,86.4,59.924416,17.28330210160859,0,0,1,0,0,0,0,1,0,0,1,0,1,0
2017,4,7,2626,2184,151,291,67,0,15.0,0.0,1.2,69.5,58.83225,16.859488016202132,0,0,1,0,0,1,0,0,0,0,1,0,1,0
2017,4,10,2626,2316,81,229,418,0,13.5,0.1,2.2,45.3,56.811445,14.68394506557444,0,0,1,0,0,0,1,0,0,0,1,0,1,0
2017,4,11,2626,2348,44,234,440,0,13.2,11.5,1.7,59.0,56.26512,14.643878885796628,0,0,1,0,0,0,0,0,1,0,1,0,1,0
2017,4,12,2626,2344,41,241,0,0,14.0,0.0,2.4,23.0,57.5388,15.127054750925716,0,0,1,0,0,0,0,0,0,1,1,0,1,0
2017,4,13,2626,2295,61,270,318,0,13.7,0.0,1.6,42.5,57.083775,15.23284387646161,0,0,1,0,0,0,0,1,0,0,1,0,1,0
2017,4,14,2626,2206,122,298,55,0,15.2,0.0,2.1,49.0,58.97852,16.55012549075238,0,0,1,0,0,1,0,0,0,0,1,0,1,0
2017,4,18,2626,2325,57,244,405,0,14.7,0.0,1.9,60.4,58.359812000000005,16.115263544615907,0,0,1,0,0,0,0,0,1,0,1,0,1,0
2017,4,19,2626,2334,36,256,0,0,14.6,0.0,1.8,36.1,58.181594,16.06244698093028,0,0,1,0,0,0,0,0,0,1,1,0,1,0
2017,4,20,2626,2294,44,288,284,0,13.0,0.2,1.0,52.6,56.07782,14.984000000000002,0,0,1,0,0,0,0,1,0,0,1,0,1,0
2017,4,21,2626,2182,137,307,59,0,14.3,0.0,1.0,56.1,57.802777000000006,16.3074,0,0,1,0,0,1,0,0,0,0,1,0,1,0
2017,4,24,2626,2290,76,260,373,0,14.6,0.0,1.2,59.9,58.218246,16.447593281185007,0,0,1,0,0,0,1,0,0,0,1,0,1,0
2017,4,25,2626,2269,69,288,336,0,17.3,0.1,1.3,68.1,62.238187,19.16802446835398,0,0,1,0,0,0,0,0,1,0,1,0,1,0
2017,4,26,2626,2277,45,304,0,0,14.7,1.7,0.9,71.6,58.388148,16.807233021976515,0,0,1,0,0,0,0,0,0,1,1,0,1,0
2017,4,27,2626,2254,61,311,183,0,14.7,0.0,2.0,29.5,58.281635,16.0646591887297,0,0,1,0,0,0,0,1,0,0,1,0,1,0
2017,4,28,2626,2155,161,310,44,0,15.4,0.0,2.0,38.8,59.141048,16.80981223390164,0,0,1,0,0,1,0,0,0,0,0,1,1,0
2017,5,2,2637,1581,933,123,88,0,15.7,0.0,0.9,49.6,59.633528,17.818604974585725,0,0,1,0,0,0,0,0,1,0,0,1,1,0
2017,5,4,2637,1372,1224,41,45,0,17.9,0.6,1.1,61.0,62.88581,19.906544333726444,0,0,1,0,0,0,0,1,0,0,0,1,1,0
2017,5,8,2637,1792,715,130,151,0,17.7,0.0,1.0,50.3,62.258169,19.768600000000003,0,0,1,0,0,0,1,0,0,0,0,1,1,0
2017,5,10,2637,2346,68,223,0,0,16.6,0.1,1.1,74.8,61.342232,18.57522367250198,0,0,1,0,0,0,0,0,0,1,1,0,1,0
2017,5,11,2637,2316,57,264,471,0,19.9,0.0,1.3,61.6,65.746016,21.85902103763576,0,0,1,0,0,0,0,1,0,0,1,0,1,0
2017,5,15,2637,2350,63,224,516,0,16.0,0.0,1.1,49.0,60.0146,17.960767982706074,0,0,1,0,0,0,1,0,0,0,1,0,1,0
2017,5,16,2637,2330,41,266,486,0,16.5,0.0,1.0,60.6,60.89821,18.547,0,0,1,0,0,0,0,0,1,0,1,0,1,0
2017,5,18,2637,2290,60,287,343,0,18.8,0.0,0.9,58.0,64.02896000000001,20.953858027674283,0,0,1,0,0,0,0,1,0,0,1,0,1,0
2017,5,23,2637,2333,47,257,429,0,18.9,0.0,1.0,67.6,64.590836,20.9902,0,0,1,0,0,0,0,0,1,0,1,0,1,0
2017,5,24,2637,2311,49,277,0,0,20.2,3.9,1.1,73.9,66.872822,22.26195781127742,0,0,1,0,0,0,0,0,0,1,1,0,1,0
2017,5,25,2637,2290,57,290,320,0,21.5,0.0,1.9,51.9,67.340215,23.329271508417182,0,0,1,0,0,0,0,1,0,0,1,0,1,0
2017,5,26,2637,2171,164,302,60,0,17.4,0.0,1.6,43.8,61.675588,19.11402103205184,0,0,1,0,0,1,0,0,0,0,1,0,1,0
2017,5,29,2637,2309,88,240,394,0,23.5,0.0,1.0,51.6,69.96094,25.673000000000005,0,0,1,0,0,0,1,0,0,0,1,0,1,0
2017,5,30,2637,2324,57,256,293,0,23.4,0.0,0.8,51.6,69.828856,25.64456949136958,0,0,1,0,0,0,0,0,1,0,1,0,1,0
2017,6,1,2648,2317,66,265,317,0,23.4,0.0,1.6,58.1,70.405146,25.407821824900857,0,0,0,1,0,0,0,1,0,0,1,0,1,0
2017,6,2,2648,2190,165,293,77,0,20.0,0.0,1.8,49.3,65.2115,21.770781138915297,0,0,0,1,0,1,0,0,0,0,1,0,1,0
2017,6,5,2648,1865,633,150,174,0,19.5,0.0,1.3,50.5,64.622525,21.44502156543855,0,0,0,1,0,0,1,0,0,0,0,1,1,0
2017,6,7,2648,2345,75,228,0,0,19.6,12.6,1.8,72.3,65.866192,21.34794157165715,0,0,0,1,0,0,0,0,0,1,1,0,1,0
2017,6,12,2648,2352,87,209,529,0,19.0,0.0,1.4,56.5,64.23815,20.87979915560946,0,0,0,1,0,0,1,0,0,0,1,0,1,0
2017,6,13,2648,2367,47,234,451,0,18.8,0.3,1.2,65.8,64.365296,20.772487998864783,0,0,0,1,0,0,0,0,1,0,1,0,1,0
2017,6,14,2648,2340,55,253,0,0,20.9,0.0,1.4,61.1,67.133901,22.8556677353362,0,0,0,1,0,0,0,0,0,1,1,0,1,0
2017,6,15,2648,2316,64,268,318,0,23.3,0.0,1.2,48.8,69.451296,25.406303767807408,0,0,0,1,0,0,0,1,0,0,1,0,1,0
2017,6,19,2648,2320,102,226,455,0,24.1,0.0,1.4,54.5,71.030655,26.1834463959286,0,0,0,1,0,0,1,0,0,0,1,0,1,0
2017,6,20,2648,2329,66,253,429,0,21.2,10.3,1.0,73.3,68.374304,23.3316,0,0,0,1,0,0,0,0,1,0,1,0,1,0
2017,6,22,2648,2306,69,273,317,0,23.5,0.0,1.3,62.9,70.973985,25.58501628741051,0,0,0,1,0,0,0,1,0,0,1,0,1,0
2017,6,23,2648,2196,162,290,57,0,23.8,0.0,1.1,62.9,71.403798,25.94869195005286,0,0,0,1,0,1,0,0,0,0,1,0,1,0
2017,6,26,2648,2299,112,237,374,0,21.7,10.5,0.9,84.5,69.946635,23.88683669024099,0,0,0,1,0,0,1,0,0,0,1,0,1,0
2017,6,27,2648,2333,59,256,309,0,22.8,0.0,1.0,70.1,70.566672,24.9604,0,0,0,1,0,0,0,0,1,0,1,0,1,0
2017,6,28,2648,2331,58,259,0,0,23.4,0.0,1.1,66.6,71.158756,25.53905482352225,0,0,0,1,0,0,0,0,0,1,1,0,1,0
2017,6,29,2648,2316,66,266,209,0,22.0,4.8,0.8,78.8,70.01424,24.238838588677893,0,0,0,1,0,0,0,1,0,0,1,0,1,0
2017,6,30,2648,2164,188,296,34,0,24.1,0.0,1.1,75.9,73.076281,26.255919794950813,0,0,0,1,0,1,0,0,0,0,1,0,1,0
2017,7,3,2839,2559,66,214,414,0,26.6,0.3,1.6,72.6,76.582684,28.76451558108701,0,0,0,1,0,0,1,0,0,0,1,0,1,0
2017,7,4,2839,2542,50,247,368,0,26.1,1.9,1.2,80.5,76.729895,28.289566912927256,0,0,0,1,0,0,0,0,1,0,1,0,1,0
2017,7,6,2839,2499,72,268,341,0,24.8,5.2,1.0,89.6,75.573792,26.996400000000005,0,0,0,1,0,0,0,1,0,0,1,0,1,0
2017,7,7,2839,2405,146,288,73,0,25.2,0.3,0.9,90.4,76.33779200000001,27.42663852437323,0,0,0,1,0,1,0,0,0,0,1,0,1,0
2017,7,10,2839,2526,98,215,406,0,26.9,0.0,1.9,85.8,78.668998,29.05804253849467,0,0,0,1,0,0,1,0,0,0,1,0,1,0
2017,7,11,2839,2545,62,232,380,0,26.1,0.0,1.7,78.5,76.499115,28.22929943613448,0,0,0,1,0,0,0,0,1,0,1,0,1,0
2017,7,12,2839,2507,69,263,0,0,27.4,0.0,1.2,75.6,78.190456,29.62822480173289,0,0,0,1,0,0,0,0,0,1,1,0,1,0
2017,7,13,2839,2483,79,277,311,0,26.8,0.0,1.1,78.3,77.585656,29.0209703990324,0,0,0,1,0,0,0,1,0,0,1,0,1,0
2017,7,14,2839,2344,209,286,57,0,26.7,0.0,1.2,81.9,77.863927,28.90740901545294,0,0,0,1,0,1,0,0,0,0,1,0,1,0
2017,7,17,2839,2495,132,212,424,0,26.6,4.8,1.2,83.1,77.846254,28.804435331698663,0,0,0,1,0,0,1,0,0,0,1,0,1,0
2017,7,19,2839,2501,79,259,0,0,27.8,0.0,1.0,73.5,78.53617,30.050400000000003,0,0,0,1,0,0,0,0,0,1,1,0,1,0
2017,7,20,2839,2471,90,278,270,0,28.5,0.0,1.1,78.1,80.252615,30.76192818678745,0,0,0,1,0,0,0,1,0,0,1,0,1,0
2017,7,21,2839,2332,206,301,46,0,30.2,0.0,1.4,73.5,82.22653,32.52702446768284,0,0,0,1,0,1,0,0,0,0,1,0,1,0
2017,7,25,2839,2382,214,243,272,0,27.3,17.2,0.9,87.4,79.53639799999999,29.550519624852576,0,0,0,1,0,0,0,0,1,0,1,0,1,0
2017,7,26,2839,2339,254,246,0,0,26.1,0.0,1.3,69.9,75.50676100000001,28.27601285669228,0,0,0,1,0,0,0,0,0,1,1,0,1,0
2017,7,27,2839,2265,334,240,221,0,25.7,0.0,1.2,64.1,74.25966299999999,27.87767217791013,0,0,0,1,0,0,0,1,0,0,1,0,1,0
2017,7,28,2839,2156,419,264,46,0,27.2,0.0,1.0,68.0,76.91904,29.4396,0,0,0,1,0,1,0,0,0,0,1,0,1,0
2017,8,1,2645,1998,466,181,320,0,27.3,0.0,1.2,81.5,78.785505,29.525251117978623,0,0,0,1,0,0,0,0,1,0,1,0,1,0
2017,8,2,2645,2003,454,188,0,0,26.9,0.0,1.1,81.5,78.138765,29.12337968066504,0,0,0,1,0,0,0,0,0,1,1,0,1,0
2017,8,3,2645,1987,451,207,301,0,27.5,0.0,1.4,71.8,77.85515000000001,29.719211222808006,0,0,0,1,0,0,0,1,0,0,1,0,1,0
2017,8,4,2645,1863,544,238,55,0,28.9,0.0,1.2,71.0,79.86981,31.172830058047108,0,0,0,1,0,1,0,0,0,0,1,0,1,0
2017,8,7,2645,2049,428,168,351,0,30.5,0.0,1.4,60.3,80.589685,32.83900371711338,0,0,0,1,0,0,1,0,0,0,1,0,1,0
2017,8,8,2645,2024,414,207,350,0,28.0,0.0,1.0,70.5,78.4411,30.254,0,0,0,1,0,0,0,0,1,0,1,0,1,0
2017,8,10,2645,1979,438,228,292,0,28.8,0.0,1.4,72.4,79.917488,31.071121303673667,0,0,0,1,0,0,0,1,0,0,1,0,1,0
2017,8,11,2645,1839,566,240,66,0,26.6,28.8,1.2,78.8,77.32879199999999,28.804435331698663,0,0,0,1,0,1,0,0,0,0,1,0,1,0
2017,8,14,2645,1651,863,131,114,0,22.0,48.5,0.7,96.6,71.34568,24.29282949333423,0,0,0,1,0,0,1,0,0,0,0,1,1,0
2017,8,16,2645,2062,403,180,0,0,26.3,0.8,0.7,85.5,77.638135,28.575655657044024,0,0,0,1,0,0,0,0,0,1,1,0,1,0
2017,8,17,2645,2067,357,221,380,0,26.8,0.8,0.8,80.0,77.7936,29.058487397906543,0,0,0,1,0,0,0,1,0,0,1,0,1,0
2017,8,22,2645,2358,74,213,484,0,26.1,8.1,1.0,88.8,77.68763200000001,28.3198,0,0,0,1,0,0,0,0,1,0,1,0,1,0
2017,8,23,2645,2358,72,215,0,0,28.3,11.6,1.3,77.3,79.82624100000001,30.55300995377685,0,0,0,1,0,0,0,0,0,1,1,0,1,0
2017,8,24,2645,2308,78,259,344,0,29.4,0.3,2.2,68.3,80.22649799999999,31.717802297008365,0,0,0,1,0,0,0,1,0,0,1,0,1,0
2017,8,25,2645,2171,164,310,55,0,27.6,0.8,1.1,66.9,77.369056,29.8402446520936,0,0,0,1,0,1,0,0,0,0,1,0,1,0
2017,8,28,2645,2251,169,225,337,0,24.9,0.0,1.0,71.0,73.81821,27.0982,0,0,0,1,0,0,1,0,0,0,1,0,1,0
2017,8,29,2645,2264,121,260,294,0,26.9,0.0,1.5,55.6,74.945036,29.08700433492414,0,0,0,1,0,0,0,0,1,0,1,0,1,0
2017,8,30,2645,2259,116,270,0,0,22.3,0.0,1.6,45.8,67.92486600000001,24.25395834621188,0,0,0,1,0,0,0,0,0,1,1,0,1,0
2017,9,1,2642,2162,177,303,45,0,22.7,0.0,1.5,50.8,68.83888400000001,24.69978757563872,0,1,0,0,0,1,0,0,0,0,1,0,1,0
2017,9,4,2642,2286,113,243,416,0,21.8,0.0,0.9,69.5,69.01899,23.98797388550192,0,1,0,0,0,0,1,0,0,0,1,0,1,0
2017,9,5,2642,2303,74,265,390,0,21.5,0.7,0.9,76.3,69.044555,23.68456229971915,0,1,0,0,0,0,0,0,1,0,1,0,1,0
2017,9,6,2642,2298,69,275,0,0,20.8,32.3,0.6,86.4,68.58428800000002,23.16948108917712,0,1,0,0,0,0,0,0,0,1,1,0,1,0
2017,9,7,2642,2285,78,279,358,0,20.6,1.0,0.5,81.0,67.92214000000001,23.05694022038154,0,1,0,0,0,0,0,1,0,0,1,0,1,0
2017,9,8,2642,2182,155,305,66,0,22.3,0.0,0.5,73.8,70.10242600000001,24.71678186944054,0,1,0,0,0,1,0,0,0,0,1,0,1,0
2017,9,11,2642,2338,101,203,478,0,20.9,74.4,0.8,87.5,68.821125,23.134335736562992,0,1,0,0,0,0,1,0,0,0,1,0,1,0
2017,9,12,2642,2328,72,242,430,0,22.9,0.0,0.8,70.5,70.75055499999999,25.142522740408264,0,1,0,0,0,0,0,0,1,0,1,0,1,0
2017,9,13,2642,2332,57,253,0,0,20.6,0.0,0.9,62.9,66.81912600000001,22.774327542370862,0,1,0,0,0,0,0,0,0,1,1,0,1,0
2017,9,14,2642,2283,68,291,317,0,20.3,0.0,1.2,65.5,66.54003499999999,22.317093255179,0,1,0,0,0,0,0,1,0,0,1,0,1,0
2017,9,15,2642,2154,198,290,70,0,20.0,0.0,1.5,58.8,65.73400000000001,21.879433944669515,0,1,0,0,0,1,0,0,0,0,1,0,1,0
2017,9,18,2642,2329,93,220,501,0,20.8,0.0,0.7,71.0,67.61532,23.097622191833825,0,1,0,0,0,0,1,0,0,0,1,0,1,0
2017,9,19,2642,2347,49,246,432,0,21.7,0.0,1.0,70.6,68.948198,23.8406,0,1,0,0,0,0,0,0,1,0,1,0,1,0
2017,9,20,2642,2301,62,279,0,0,20.6,0.0,0.9,65.4,66.971476,22.774327542370862,0,1,0,0,0,0,0,0,0,1,1,0,1,0
2017,9,21,2642,2292,70,280,334,0,18.2,0.0,0.7,70.0,63.6446,20.50800637191628,0,1,0,0,0,0,0,1,0,0,1,0,1,0
2017,9,22,2642,2177,174,291,67,0,19.3,0.0,0.7,70.0,65.2979,21.60361306495832,0,1,0,0,0,1,0,0,0,0,1,0,1,0
2017,9,25,2642,2287,97,258,385,0,21.7,0.0,0.8,72.5,69.084675,23.9376105381011,0,1,0,0,0,0,1,0,0,0,1,0,1,0
2017,9,27,2642,2307,70,265,0,0,19.2,8.2,1.4,81.5,65.68902,21.087785321896483,0,1,0,0,0,0,0,0,0,1,1,0,1,0
2017,9,28,2642,2277,102,263,202,0,20.1,0.0,1.1,63.0,66.10837000000001,22.159548529644766,0,1,0,0,0,0,0,1,0,0,1,0,1,0
2017,9,29,2642,2180,214,248,22,0,15.8,0.0,0.8,58.3,59.880386,18.013458876757554,0,1,0,0,0,1,0,0,0,0,0,1,1,0
2017,10,11,2645,2335,60,250,0,0,21.1,0.0,1.0,72.8,68.187792,23.229800000000004,0,1,0,0,0,0,0,0,0,1,1,0,1,0
2017,10,12,2645,2330,46,269,1017,0,14.4,18.6,1.2,79.1,57.929196000000005,16.24164591367645,0,1,0,0,0,0,0,1,0,0,1,0,1,0
2017,10,16,2645,2330,90,225,464,0,15.6,0.0,1.3,66.1,59.692184,17.408526711515904,0,1,0,0,0,0,1,0,0,0,1,0,1,0
2017,10,17,2645,2331,56,258,453,0,14.9,0.0,0.7,75.4,58.709054,17.221186292790165,0,1,0,0,0,0,0,0,1,0,1,0,1,0
2017,10,18,2645,2330,45,270,0,0,15.9,0.0,1.4,61.9,60.070979,17.656013578160582,0,1,0,0,0,0,0,0,0,1,1,0,1,0
2017,10,19,2645,2296,67,282,341,0,16.6,0.0,1.2,61.4,61.056276,18.50706695627062,0,1,0,0,0,0,0,1,0,0,1,0,1,0
2017,10,20,2645,2154,190,301,53,0,15.9,0.0,0.9,68.6,60.167526,18.020879365107568,0,1,0,0,0,1,0,0,0,0,1,0,1,0
2017,10,23,2645,2279,116,250,435,0,14.9,0.0,1.4,48.4,58.587284,16.61608274672546,0,1,0,0,0,0,1,0,0,0,1,0,1,0
2017,10,24,2645,2322,65,258,400,0,11.4,0.1,0.5,76.4,53.231304,14.074267766650484,0,1,0,0,0,0,0,0,1,0,1,0,1,0
2017,10,25,2645,2281,75,289,0,0,11.3,0.0,0.5,72.5,53.19607500000001,13.976630022588187,0,1,0,0,0,0,0,0,0,1,1,0,1,0
2017,10,26,2645,2242,101,302,251,0,11.8,0.0,0.6,73.6,53.931152,14.287541248882684,0,1,0,0,0,0,0,1,0,0,1,0,1,0
2017,10,27,2645,2126,210,309,57,0,13.1,0.0,0.7,69.8,55.981962,15.428375340539557,0,1,0,0,0,1,0,0,0,0,1,0,1,0
2017,10,31,2645,2292,63,290,238,0,8.1,0.0,0.9,58.0,49.21802,10.132178134755724,0,1,0,0,0,0,0,0,1,0,1,0,1,0
2017,11,3,2644,2167,173,304,58,0,12.1,0.0,0.8,65.5,54.580745,14.2983129196438,0,1,0,0,0,1,0,0,0,0,1,0,1,0
2017,11,6,2644,2307,93,244,452,0,8.2,0.0,0.7,71.0,48.55278,10.547945526079566,0,1,0,0,0,0,1,0,0,0,1,0,1,0
2017,11,8,2644,2308,60,276,0,0,15.3,0.0,1.3,53.8,59.148686,17.098027107368004,0,1,0,0,0,0,0,0,0,1,1,0,1,0
2017,11,9,2644,2267,90,287,347,0,9.8,0.0,0.6,61.4,51.414828,12.313776839928362,0,1,0,0,0,0,0,1,0,0,1,0,1,0
2017,11,10,2644,2168,184,292,56,0,12.7,0.0,1.8,61.1,55.531803,14.05395903645407,0,1,0,0,0,1,0,0,0,0,1,0,1,0
2017,11,13,2644,2297,107,240,525,0,8.1,0.0,0.6,68.1,48.583639000000005,10.636077092317192,0,1,0,0,0,0,1,0,0,0,1,0,1,0
2017,11,16,2644,2232,129,283,347,0,3.4,0.0,0.7,64.4,42.012504,5.767116320077945,0,1,0,0,0,0,0,1,0,0,1,0,1,0
2017,11,17,2644,2120,213,311,58,0,5.9,0.0,0.5,60.8,45.935928,8.704191843224308,0,1,0,0,0,1,0,0,0,0,1,0,1,0
2017,11,20,2644,2300,107,237,517,0,4.5,0.0,0.8,43.6,45.65258,6.667202305031772,0,1,0,0,0,0,1,0,0,0,1,0,1,0
2017,11,21,2644,2311,77,256,435,0,2.7,0.0,0.7,67.6,40.627148000000005,5.069912060869375,0,1,0,0,0,0,0,0,1,0,1,0,1,0
2017,11,22,2644,2303,64,277,0,0,6.5,0.0,1.1,60.6,46.79881,8.231886227604221,0,1,0,0,0,0,0,0,0,1,1,0,1,0
2017,11,23,2644,2234,122,288,305,0,3.5,0.0,1.6,47.6,43.97754,4.533382528618281,0,1,0,0,0,0,0,1,0,0,1,0,1,0
2017,11,24,2644,2131,210,303,63,0,2.3,0.0,1.9,56.1,41.418097,2.960307845919452,0,1,0,0,0,1,0,0,0,0,1,0,1,0
2017,11,28,2644,2267,112,265,347,0,8.4,0.0,0.8,77.9,48.442464,10.583166962530052,0,1,0,0,0,0,0,0,1,0,1,0,1,0
2017,11,29,2644,2305,78,261,0,0,9.4,0.0,0.7,55.6,51.137336000000005,11.743152827579973,0,1,0,0,0,0,0,0,0,1,1,0,1,0
2017,12,1,2665,2154,243,268,136,0,1.2,0.0,1.9,31.0,43.20728,1.793335969422186,0,0,0,0,1,1,0,0,0,0,1,0,1,0
2017,12,5,2665,2380,60,225,871,0,-1.4,0.0,1.4,47.1,37.777894,-0.3347898056670439,0,0,0,0,1,0,0,0,1,0,1,0,1,0
2017,12,6,2665,2333,78,254,0,0,-0.2,0.0,0.7,61.1,37.279722,2.181494415576727,0,0,0,0,1,0,0,0,0,1,1,0,1,0
2017,12,7,2665,2297,98,270,608,0,2.0,0.0,1.0,64.0,40.0352,3.786000000000001,0,0,0,0,1,0,0,1,0,0,1,0,1,0
2017,12,8,2665,2192,169,304,141,0,0.7,0.0,2.3,35.0,42.10455,0.8813350923537323,0,0,0,0,1,1,0,0,0,0,1,0,1,0
2017,12,11,2665,2353,93,219,748,0,0.6,0.0,2.4,39.9,41.317306,0.6869766614160808,0,0,0,0,1,0,1,0,0,0,1,0,1,0
2017,12,12,2665,2355,73,237,604,0,-2.7,0.0,2.0,30.8,38.885316,-2.4577165055443584,0,0,0,0,1,0,0,0,1,0,1,0,1,0
2017,12,13,2665,2352,67,246,0,0,-3.2,0.0,1.5,34.8,37.629136,-2.3547157732880803,0,0,0,0,1,0,0,0,0,1,1,0,1,0
2017,12,15,2665,2169,208,288,48,0,-0.3,0.0,0.6,37.1,40.641513,2.34626657470905,0,0,0,0,1,1,0,0,0,0,1,0,1,0
2017,12,19,2665,2287,109,269,146,0,-0.1,0.0,1.5,51.6,38.789116,0.8834680252321138,0,0,0,0,1,0,0,0,1,0,1,0,1,0
2017,12,20,2665,2295,108,262,0,0,-1.9,0.0,0.7,52.0,36.34688,0.4882840717844864,0,0,0,0,1,0,0,0,0,1,1,0,1,0
2017,12,21,2665,2276,127,262,102,0,-1.1,0.0,0.6,60.1,36.160211,1.5567608111273232,0,0,0,0,1,0,0,1,0,0,1,0,1,0
2017,12,26,2665,2171,267,227,62,0,0.4,0.0,2.2,44.1,40.492336,0.6497608057137871,0,0,0,0,1,0,0,0,1,0,1,0,1,0
2017,12,28,2665,2165,240,260,55,0,-1.6,0.0,0.7,52.9,36.601364,0.7870858971595867,0,0,0,0,1,0,0,1,0,0,1,0,1,0
2018,1,2,2655,2480,73,102,301,0,0.7,0.0,0.7,56.9,39.124617,3.077899891702032,0,0,0,0,1,0,0,0,1,0,1,0,1,0
2018,1,4,2655,2362,67,226,326,0,1.4,0.0,1.0,32.1,43.288606,3.1752000000000007,0,0,0,0,1,0,0,1,0,0,1,0,1,0
2018,1,5,2655,2257,152,246,58,0,2.4,0.0,1.3,37.9,43.724804,3.746544129008462,0,0,0,0,1,1,0,0,0,0,1,0,1,0
2018,1,8,2655,2361,100,194,377,0,3.2,1.5,1.1,81.4,39.830552,4.852379933726736,0,0,0,0,1,0,1,0,0,0,1,0,1,0
2018,1,9,2655,2370,70,215,298,0,1.8,0.0,2.6,45.0,42.1249,1.8221147665103063,0,0,0,0,1,0,0,0,1,0,1,0,1,0
2018,1,10,2655,2387,58,210,0,0,-1.7,0.5,2.3,57.3,35.764741,-1.6975185897558278,0,0,0,0,1,0,0,0,0,1,1,0,1,0
2018,1,11,2655,2344,73,238,337,0,-5.4,0.0,1.5,46.5,32.79061,-4.652781694818541,0,0,0,0,1,0,0,1,0,0,1,0,1,0
2018,1,15,2655,2351,112,192,443,0,3.8,0.0,0.8,65.6,42.465072,5.964336853685927,0,0,0,0,1,0,1,0,0,0,1,0,1,0
2018,1,17,2655,2362,70,223,0,0,4.5,4.1,0.8,87.4,41.34047,6.667202305031772,0,0,0,0,1,0,0,0,0,1,1,0,1,0
2018,1,18,2655,2324,98,233,325,0,2.9,0.0,0.5,80.3,39.471513,5.775059521355483,0,0,0,0,1,0,0,1,0,0,1,0,1,0
2018,1,22,2655,2341,103,211,371,0,4.7,0.0,1.3,53.4,44.955502,6.127041094142333,0,0,0,0,1,0,1,0,0,0,1,0,1,0
2018,1,23,2655,2359,66,230,297,0,-3.1,0.0,2.2,39.4,36.945614000000006,-3.0998304087528,0,0,0,0,1,0,0,0,1,0,1,0,1,0
2018,1,24,2655,2380,51,224,0,0,-6.6,0.0,2.3,30.5,34.599630000000005,-6.962678190729513,0,0,0,0,1,0,0,0,0,1,1,0,1,0
2018,1,25,2655,2373,57,225,261,0,-5.6,0.0,2.0,22.4,37.318944,-5.544779121256699,0,0,0,0,1,0,0,1,0,0,1,0,1,0
2018,1,26,2655,2227,166,262,43,0,-5.7,0.0,1.7,23.1,37.076167,-5.260341920512315,0,0,0,0,1,1,0,0,0,0,1,0,1,0
2018,1,29,2655,2393,70,192,454,0,-2.9,0.0,2.2,34.0,38.11286,-2.885568053640424,0,0,0,0,1,0,1,0,0,0,1,0,1,0
2018,1,30,2655,2379,60,216,433,0,-4.1,0.0,0.9,46.4,34.460424,-2.2065596870766524,0,0,0,0,1,0,0,0,1,0,1,0,1,0
2018,1,31,2655,2376,56,223,0,0,-1.8,0.0,0.6,55.0,35.9969,0.8659432679933111,0,0,0,0,1,0,0,0,0,1,1,0,1,0
2018,2,1,2707,2380,73,254,401,0,-1.2,0.0,0.7,50.5,37.50656,1.185488330993055,0,0,0,0,1,0,0,1,0,0,1,0,1,0
2018,2,5,2707,2418,76,213,560,0,-5.0,0.0,2.3,35.1,35.49325,-5.243442402656473,0,0,0,0,1,0,1,0,0,0,1,0,1,0
2018,2,7,2707,2395,59,253,0,0,-6.1,0.0,0.9,43.9,32.430179,-4.229303592295075,0,0,0,0,1,0,0,0,0,1,1,0,1,0
2018,2,8,2707,2363,71,273,378,0,-3.7,0.0,0.7,44.0,35.399280000000005,-1.3045268804661223,0,0,0,0,1,0,0,1,0,0,1,0,1,0
2018,2,9,2707,2262,149,296,86,0,3.0,0.0,1.2,48.6,43.22362,4.502645965688478,0,0,0,0,1,1,0,0,0,0,1,0,1,0
2018,2,12,2707,2360,103,244,476,0,-1.8,0.0,2.4,46.5,37.36387,-1.899305981481168,0,0,0,0,1,0,1,0,0,0,1,0,1,0
2018,2,13,2707,2366,106,235,371,0,0.3,0.0,1.5,44.0,40.38168,1.3012981927831082,0,0,0,0,1,0,0,0,1,0,1,0,1,0
2018,2,14,2707,2130,418,159,0,0,5.1,0.0,1.6,60.8,44.806392,6.211729406711351,0,0,0,0,1,0,0,0,0,1,0,1,1,0
2018,2,19,2707,2281,255,171,604,0,4.3,0.0,0.6,39.4,45.826058,6.885924715303984,0,0,0,0,1,0,1,0,0,0,1,0,1,0
2018,2,20,2707,2394,82,231,521,0,4.3,0.0,0.7,39.8,45.785886000000005,6.663521796203248,0,0,0,0,1,0,0,0,1,0,1,0,1,0
2018,2,21,2707,2390,74,243,0,0,2.9,0.0,1.2,21.1,46.237481,4.399672281934199,0,0,0,0,1,0,0,0,0,1,1,0,1,0
2018,2,22,2707,2348,82,277,400,0,0.3,0.0,0.9,39.4,41.025818,2.2434769044038765,0,0,0,0,1,0,0,1,0,0,1,0,1,0
2018,2,23,2707,2242,161,304,69,0,2.7,0.0,1.3,59.4,41.580562,4.057043733156359,0,0,0,0,1,1,0,0,0,0,1,0,1,0
2018,2,26,2707,2371,105,231,491,0,4.5,0.0,0.8,53.1,44.717305,6.667202305031772,0,0,0,0,1,0,1,0,0,0,1,0,1,0
2018,2,27,2707,2363,81,263,332,0,5.6,0.0,0.9,61.4,45.459816,7.603748253232695,0,0,0,0,1,0,0,0,1,0,1,0,1,0
2018,3,5,2714,2411,92,211,593,0,6.8,6.0,1.8,82.3,45.579536,7.817075419396366,0,0,1,0,0,0,1,0,0,0,1,0,1,0
2018,3,6,2714,2418,54,242,547,0,6.0,0.0,1.4,58.3,46.28612,7.360698346952867,0,0,1,0,0,0,0,0,1,0,1,0,1,0
2018,3,8,2714,2408,38,268,406,0,4.7,38.7,1.7,78.1,42.572693,5.69224518983758,0,0,1,0,0,0,0,1,0,0,1,0,1,0
2018,3,9,2714,2297,123,294,77,0,5.3,0.0,0.8,68.8,44.364536,7.470477106569881,0,0,1,0,0,1,0,0,0,0,1,0,1,0
2018,3,12,2714,2428,69,217,591,0,7.6,0.0,1.1,66.3,47.963512,9.358388325563382,0,0,1,0,0,0,1,0,0,0,1,0,1,0
2018,3,13,2714,2426,39,249,556,0,10.2,0.0,1.2,71.0,51.57858,11.916751195996667,0,0,1,0,0,0,0,0,1,0,1,0,1,0
2018,3,15,2714,2397,47,270,359,0,14.3,43.5,0.8,91.8,57.751726000000005,16.507318623873598,0,0,1,0,0,0,0,1,0,0,1,0,1,0
2018,3,19,2714,2410,80,224,503,0,9.0,40.4,1.6,89.6,48.76056,10.302699922063216,0,0,1,0,0,0,1,0,0,0,1,0,1,0
2018,3,20,2714,2422,46,246,445,0,5.6,1.4,3.6,54.4,46.072736,5.369604786681325,0,0,1,0,0,0,0,0,1,0,1,0,1,0
2018,3,23,2714,2233,174,307,51,0,6.4,0.0,0.9,60.0,46.7056,8.412845815320065,0,0,1,0,0,1,0,0,0,0,1,0,1,0
2018,3,28,2714,2417,45,252,0,0,13.4,0.0,1.2,61.1,56.522226,15.211909076133644,0,0,1,0,0,0,0,0,0,1,1,0,1,0
2018,3,29,2714,2390,51,273,302,0,14.1,0.0,0.9,66.4,57.494576,16.20040985041099,0,0,1,0,0,0,0,1,0,0,1,0,1,0
2018,3,30,2714,2222,196,296,43,0,12.3,0.0,1.3,58.1,55.029537000000005,13.993031065889042,0,0,1,0,0,1,0,0,0,0,1,0,1,0
2018,4,2,2714,2407,83,224,481,0,16.3,0.0,1.3,75.8,60.89544600000001,18.133025787861,0,0,1,0,0,0,1,0,0,0,1,0,1,0
2018,4,4,2714,2383,64,267,0,0,14.1,15.7,1.6,86.3,57.426717,15.652430595984882,0,0,1,0,0,0,0,0,0,1,1,0,1,0
2018,4,5,2714,2360,69,285,378,0,8.9,4.9,1.1,88.6,48.645746,10.68970898678785,0,0,1,0,0,0,0,1,0,0,1,0,1,0
2018,4,10,2714,2392,66,256,420,0,13.6,0.0,1.8,69.6,56.734144,15.005348062784908,0,0,1,0,0,0,0,0,1,0,1,0,1,0
2018,4,11,2714,2452,23,239,0,0,19.1,0.2,2.2,39.1,63.573119000000005,20.683291008720985,0,0,1,0,0,0,0,0,0,1,1,0,1,0
2018,4,12,2714,2406,40,268,384,0,13.7,0.0,1.1,39.5,57.105885,15.605354505155097,0,0,1,0,0,0,0,1,0,0,1,0,1,0
2018,4,13,2714,2258,164,292,45,0,12.4,0.0,1.6,39.0,55.55464,13.869187038010992,0,0,1,0,0,1,0,0,0,0,1,0,1,0
2018,4,16,2714,2396,84,234,484,0,11.5,0.0,1.3,58.4,53.91264,13.165032121494653,0,0,1,0,0,0,1,0,0,0,1,0,1,0
2018,4,18,2714,2397,49,268,0,0,13.4,0.0,1.1,59.3,56.540838,15.298126660257148,0,0,1,0,0,0,0,0,0,1,1,0,1,0
2018,4,19,2714,2328,98,288,285,0,14.5,0.0,1.0,57.9,58.076845000000006,16.511000000000003,0,0,1,0,0,0,0,1,0,0,1,0,1,0
2018,4,23,2714,2390,89,235,440,0,11.2,45.8,1.1,91.6,52.429808,13.04512246433882,0,0,1,0,0,0,1,0,0,0,1,0,1,0
2018,4,24,2714,2380,60,274,360,0,12.4,8.9,1.7,80.1,54.722776,13.801372185000483,0,0,1,0,0,0,0,0,1,0,1,0,1,0
2018,4,25,2714,2363,66,285,0,0,13.4,0.0,1.3,52.8,56.608048,15.13152961443133,0,0,1,0,0,0,0,0,0,1,1,0,1,0
2018,4,26,2714,2352,69,293,266,0,14.2,0.0,0.9,61.4,57.653412,16.30154704567191,0,0,1,0,0,0,0,1,0,0,1,0,1,0
2018,5,2,2721,2364,110,247,0,0,16.3,3.2,1.1,88.6,61.130582,18.26799582760403,0,0,1,0,0,0,0,0,0,1,1,0,1,0
2018,5,4,2721,2196,241,284,57,0,15.1,0.0,2.8,36.1,58.765289,16.157809814732534,0,0,1,0,0,1,0,0,0,0,0,1,1,0
2018,5,8,2721,2357,133,231,590,0,14.9,0.0,2.0,65.1,58.662601,16.277560058778825,0,0,1,0,0,0,0,0,1,0,1,0,1,0
2018,5,9,2721,2366,86,269,0,0,14.1,0.0,1.6,60.0,57.5164,15.652430595984882,0,0,1,0,0,0,0,0,0,1,1,0,1,0
2018,5,11,2721,2242,183,296,48,0,16.5,0.0,1.2,60.3,60.892105,18.40409327251633,0,0,1,0,0,1,0,0,0,0,1,0,1,0
2018,5,14,2721,2392,100,229,490,0,19.0,0.0,1.1,64.4,64.59444,21.033046431685605,0,0,1,0,0,0,1,0,0,0,1,0,1,0
2018,5,15,2721,2385,64,272,457,0,20.4,0.3,1.0,72.4,67.092704,22.517200000000003,0,0,1,0,0,0,0,0,1,0,1,0,1,0
2018,5,16,2721,2399,58,264,0,0,21.0,3.3,1.1,93.4,69.37166,23.08123206433863,0,0,1,0,0,0,0,0,0,1,1,0,1,0
2018,5,17,2721,2372,71,278,343,0,21.6,1.8,1.3,91.6,70.284944,23.61851879447384,0,0,1,0,0,0,0,1,0,0,1,0,1,0
2018,5,18,2721,2274,145,302,29,0,21.2,1.4,1.7,83.0,69.02304,23.068945893758087,0,0,1,0,0,1,0,0,0,0,1,0,1,0
2018,5,21,2721,1716,861,144,139,0,17.2,0.0,1.5,64.0,61.97792,18.95462277181256,0,0,1,0,0,0,1,0,0,0,0,1,1,0
2018,5,24,2721,2376,64,281,379,0,18.9,0.0,1.0,56.5,64.101215,20.9902,0,0,1,0,0,0,0,1,0,0,1,0,1,0
2018,5,25,2721,2292,136,293,70,0,19.2,0.0,0.9,56.3,64.502604,21.35840680871796,0,0,1,0,0,1,0,0,0,0,1,0,1,0
2018,5,28,2721,2408,92,221,495,0,19.0,2.8,0.6,86.3,65.58213,21.393093121118227,0,0,1,0,0,0,1,0,0,0,1,0,1,0
2018,5,29,2721,2390,73,258,422,0,21.9,0.0,0.9,75.8,69.633798,24.08911108076284,0,0,1,0,0,0,0,0,1,0,1,0,1,0
2018,5,30,2721,2360,80,281,0,0,22.1,0.0,1.2,76.5,69.998935,24.17061956275604,0,0,1,0,0,0,0,0,0,1,1,0,1,0
2018,5,31,2721,2348,90,283,242,0,19.7,0.0,1.1,60.3,65.394409,21.74991140311416,0,0,1,0,0,0,0,1,0,0,1,0,1,0
2018,6,1,2728,2257,180,291,55,0,21.4,0.0,1.2,56.6,67.531476,23.44980377647608,0,0,0,1,0,0,1,0,0,0,1,0,1,0
2018,6,4,2728,2355,158,215,519,0,22.2,0.0,1.2,63.9,69.188242,24.27359324651032,0,0,0,1,0,0,1,0,0,0,1,0,1,0
2018,6,5,2728,2332,163,233,253,0,19.8,1.5,0.8,80.8,66.622016,22.02983288444809,0,0,0,1,0,0,0,0,1,0,0,1,1,0
2018,6,7,2728,2276,187,265,379,0,23.2,0.0,1.3,66.9,70.89089200000001,25.27451668326261,0,0,0,1,0,0,0,1,0,0,1,0,1,0
2018,6,8,2728,2188,252,288,65,0,23.5,0.0,1.0,67.5,71.386375,25.673000000000005,0,0,0,1,0,1,0,0,0,0,1,0,1,0
2018,6,11,2728,2380,153,195,490,0,17.7,32.3,1.0,82.8,63.305644,19.768600000000003,0,0,0,1,0,0,1,0,0,0,1,0,1,0
2018,6,12,2728,2338,156,234,249,0,18.5,19.4,0.9,83.0,64.61745,20.65044644189152,0,0,0,1,0,0,0,0,1,0,0,1,1,0
2018,6,14,2728,2278,190,260,381,0,20.1,0.0,1.6,69.1,66.449909,21.9462313888339,0,0,0,1,0,0,0,1,0,0,1,0,1,0
2018,6,15,2728,2199,234,295,44,0,19.7,0.0,1.9,59.3,65.342379,21.419681165058023,0,0,0,1,0,1,0,0,0,0,1,0,1,0
2018,6,18,2728,2412,87,229,335,0,23.0,0.0,1.2,66.4,70.55408,25.09738271654457,0,0,0,1,0,0,1,0,0,0,1,0,1,0
2018,6,19,2728,2413,68,247,415,0,21.3,8.4,0.9,80.8,69.03689600000001,23.48228790919731,0,0,0,1,0,0,0,0,1,0,1,0,1,0
2018,6,22,2728,2245,178,305,50,0,22.6,0.0,0.9,60.1,69.458474,24.79707144758928,0,0,0,1,0,1,0,0,0,0,1,0,1,0
2018,6,25,2728,2384,104,240,424,0,24.6,0.0,1.2,65.0,72.7611,26.744961656613054,0,0,0,1,0,0,1,0,0,0,1,0,1,0
2018,6,26,2728,2414,71,243,384,0,23.1,0.3,1.2,84.4,72.243236,25.200356400298844,0,0,0,1,0,0,0,0,1,0,1,0,1,0
2018,6,28,2728,2359,83,286,234,0,21.9,91.9,1.4,89.5,70.644995,23.89559856677132,0,0,0,1,0,0,0,1,0,0,1,0,1,0
2018,6,29,2728,2219,210,299,12,0,24.1,2.9,1.2,81.3,73.592467,26.23009323784165,0,0,0,1,0,1,0,0,0,0,1,0,1,0
2018,7,3,2704,2413,71,220,232,0,23.6,14.4,1.6,84.0,73.02976000000001,25.617615184662498,0,0,0,1,0,0,0,0,1,0,1,0,1,0
2018,7,4,2704,2373,94,237,0,0,26.4,0.0,1.2,72.9,76.312444,28.5984879641901,0,0,0,1,0,0,0,0,0,1,1,0,1,0
2018,7,5,2704,2341,93,270,234,0,23.5,81.9,0.8,86.4,73.08076,25.74497884156185,0,0,0,1,0,0,0,1,0,0,1,0,1,0
2018,7,6,2704,2221,194,289,36,0,21.2,4.9,1.2,83.8,69.076544,23.24385640896752,0,0,0,1,0,1,0,0,0,0,1,0,1,0
2018,7,9,2704,2337,139,228,300,0,19.3,23.4,0.6,89.4,66.230458,21.68915778246138,0,0,0,1,0,0,1,0,0,0,1,0,1,0
2018,7,10,2704,2357,96,251,292,0,24.0,0.0,0.4,82.0,73.49719999999999,26.43482305405972,0,0,0,1,0,0,0,0,1,0,1,0,1,0
2018,7,12,2704,2332,102,270,244,0,27.0,0.0,1.3,75.6,77.56708,29.207511669135965,0,0,0,1,0,0,0,1,0,0,1,0,1,0
2018,7,13,2704,2202,200,302,29,0,27.5,0.0,1.0,75.0,78.26875,29.745000000000005,0,0,0,1,0,1,0,0,0,0,1,0,1,0
2018,7,16,2704,2355,150,199,318,0,27.9,0.0,1.1,69.5,78.157095,30.14747249699156,0,0,0,1,0,0,1,0,0,0,1,0,1,0
2018,7,17,2704,2337,111,256,307,0,27.3,0.0,1.1,70.9,77.436443,29.533016807195644,0,0,0,1,0,0,0,0,1,0,1,0,1,0
2018,7,18,2704,2342,108,254,0,0,27.9,0.0,1.0,69.1,78.10381100000001,30.152200000000008,0,0,0,1,0,0,0,0,0,1,1,0,1,0
2018,7,19,2704,2306,113,285,265,0,28.1,0.0,0.9,67.4,78.17280600000001,30.359617186939943,0,0,0,1,0,0,0,1,0,0,1,0,1,0
2018,7,20,2704,2140,273,291,49,0,28.6,0.0,0.8,67.0,78.85538,30.865855701367288,0,0,0,1,0,1,0,0,0,0,1,0,1,0
2018,7,23,2704,2257,224,223,341,0,28.6,0.0,1.1,69.1,79.149674,30.86433746842011,0,0,0,1,0,0,1,0,0,0,1,0,1,0
2018,7,24,2704,2271,201,232,392,0,28.8,0.0,1.3,71.8,79.832216,31.07050929402334,0,0,0,1,0,0,0,0,1,0,1,0,1,0
2018,7,25,2704,2222,226,256,1,0,29.4,0.0,1.2,69.0,80.33014,31.68769847681851,0,0,0,1,0,0,0,0,0,1,1,0,1,0
2018,7,26,2704,2167,272,265,299,0,30.6,0.0,1.0,62.6,81.098244,32.900800000000004,0,0,0,1,0,0,0,1,0,0,1,0,1,0
2018,7,27,2704,2030,403,271,59,0,30.0,0.4,1.0,71.1,81.54939999999999,32.290000000000006,0,0,0,1,0,1,0,0,0,0,1,0,1,0
2018,8,1,2996,2298,489,209,0,0,29.1,0.0,1.1,62.4,78.924616,31.37638387658336,0,0,0,1,0,0,0,0,0,1,1,0,1,0
2018,8,3,2996,2089,665,242,34,0,28.9,0.0,1.3,67.4,79.354614,31.174009162072643,0,0,0,1,0,1,0,0,0,0,1,0,1,0
2018,8,7,2996,2321,469,206,366,0,28.4,0.1,1.2,73.9,79.514024,30.657961639275705,0,0,0,1,0,0,0,0,1,0,1,0,1,0
2018,8,8,2996,2291,470,235,0,0,27.9,3.5,0.9,77.5,79.222775,30.1573427964181,0,0,0,1,0,0,0,0,0,1,1,0,1,0
2018,8,9,2996,2278,491,227,271,0,28.8,0.0,1.0,75.1,80.30121199999999,31.0684,0,0,0,1,0,0,0,1,0,0,1,0,1,0
2018,8,10,2996,2180,562,254,30,0,27.1,1.6,1.1,81.9,78.51225099999999,29.328198243930345,0,0,0,1,0,1,0,0,0,0,1,0,1,0
2018,8,13,2996,2237,575,184,297,0,29.2,0.0,1.1,67.1,79.753968,31.47879315821601,0,0,0,1,0,0,1,0,0,0,1,0,1,0
2018,8,16,2996,2287,481,228,228,0,25.6,29.7,1.5,80.9,75.970596,27.72905629038341,0,0,0,1,0,0,0,1,0,0,1,0,1,0
2018,8,17,2996,2221,530,245,30,0,24.2,0.0,1.7,60.1,71.706458,26.22834602174364,0,0,0,1,0,1,0,0,0,0,1,0,1,0
2018,8,20,2996,2586,204,206,475,0,24.8,0.0,1.0,68.5,73.41062,26.996400000000005,0,0,0,1,0,0,1,0,0,0,1,0,1,0
2018,8,21,2996,2591,168,237,355,0,26.6,0.0,1.1,65.5,75.72827000000001,28.81615183576709,0,0,0,1,0,0,0,0,1,0,1,0,1,0
2018,8,23,2996,2601,132,263,289,0,26.4,17.7,3.1,79.5,77.09361999999999,28.44612382173345,0,0,0,1,0,0,0,1,0,0,1,0,1,0
2018,8,27,2996,2632,138,226,492,0,23.7,46.0,0.5,92.4,73.963612,26.08371028631265,0,0,0,1,0,0,1,0,0,0,1,0,1,0
2018,8,28,2996,2649,104,243,376,0,26.1,0.1,1.0,81.5,76.845285,28.3198,0,0,0,1,0,0,0,0,1,0,1,0,1,0
2018,8,30,2996,2626,106,264,304,0,26.6,6.0,1.3,79.3,77.38896199999999,28.79351219693877,0,0,0,1,0,0,0,1,0,0,1,0,1,0
2018,9,4,2763,2410,91,262,404,0,24.2,33.3,1.5,67.6,72.430808,26.266650703954937,0,1,0,0,0,0,0,0,1,0,1,0,1,0
2018,9,7,2763,2296,164,303,56,0,21.1,3.7,0.9,81.5,68.761035,23.280013518675467,0,1,0,0,0,1,0,0,0,0,1,0,1,0
2018,9,10,2763,2421,99,243,343,0,20.3,0.0,1.2,62.8,66.383516,22.317093255179,0,1,0,0,0,0,1,0,0,0,1,0,1,0
2018,9,11,2763,2424,67,272,370,0,19.5,0.0,1.3,63.3,65.263165,21.44502156543855,0,1,0,0,0,0,0,0,1,0,1,0,1,0
2018,9,12,2763,2390,73,300,0,0,22.0,0.0,1.0,70.0,69.356,24.146,0,1,0,0,0,0,0,0,0,1,1,0,1,0
2018,9,13,2763,2390,67,306,297,0,20.7,10.2,0.4,84.6,68.30627799999999,23.25385149261659,0,1,0,0,0,0,0,1,0,0,1,0,1,0
2018,9,14,2763,2276,174,313,132,0,21.4,24.7,0.5,89.0,69.76254,23.838042172879888,0,1,0,0,0,1,0,0,0,0,1,0,1,0
2018,9,17,2763,2420,91,252,465,0,23.1,0.0,0.3,75.4,71.472026,25.653179764729355,0,1,0,0,0,0,1,0,0,0,1,0,1,0
2018,9,18,2763,2407,67,289,446,0,22.8,0.0,0.8,72.0,70.72384,25.042113390216,0,1,0,0,0,0,0,0,1,0,1,0,1,0
2018,9,19,2763,2398,77,288,0,0,20.6,0.2,0.5,78.1,67.74541400000001,23.05694022038154,0,1,0,0,0,0,0,0,0,1,1,0,1,0
2018,9,20,2763,2393,93,277,385,0,20.3,10.1,0.6,89.3,67.91972100000001,22.676039986938537,0,1,0,0,0,0,0,1,0,0,1,0,1,0
2018,9,21,2763,2262,260,241,51,0,19.4,18.3,0.6,89.8,66.419588,21.78784600290909,0,1,0,0,0,1,0,0,0,0,0,1,1,0
2018,10,8,2805,2148,424,233,216,0,15.5,0.0,0.9,62.3,59.506035,17.616330584063885,0,1,0,0,0,0,1,0,0,0,0,1,1,0
2018,10,10,2805,2493,80,232,1044,0,15.0,0.0,1.2,60.0,58.78,16.859488016202132,0,1,0,0,0,0,0,0,0,1,1,0,1,0
2018,10,12,2805,2325,192,288,28,0,9.9,0.0,0.7,66.1,51.345161,12.241155869871807,0,1,0,0,0,1,0,0,0,0,1,0,1,0
2018,10,16,2805,2469,63,273,315,0,11.8,0.0,0.4,80.0,53.7636,14.674867584482085,0,1,0,0,0,0,0,0,1,0,1,0,1,0
2018,10,17,2805,2443,68,294,0,0,12.3,0.0,0.3,73.1,54.711087,15.40909644316708,0,1,0,0,0,0,0,0,0,1,1,0,1,0
2018,10,18,2805,2432,74,299,175,0,12.4,0.0,0.7,60.8,55.113408,14.731171081330984,0,1,0,0,0,0,0,1,0,0,1,0,1,0
2018,10,22,2805,2428,141,236,290,0,12.6,0.0,0.3,75.0,55.1365,15.693654313210477,0,1,0,0,0,0,1,0,0,0,1,0,1,0
2018,10,23,2805,2455,73,277,243,0,13.8,0.0,0.4,77.4,56.984188,16.602729136871858,0,1,0,0,0,0,0,0,1,0,1,0,1,0
2018,10,25,2805,2380,110,315,158,0,11.3,0.0,0.5,69.4,53.292578000000006,13.976630022588187,0,1,0,0,0,0,0,1,0,0,1,0,1,0
2018,10,26,2805,2234,263,308,25,0,12.4,0.9,0.2,86.0,54.60336,15.838290585271258,0,1,0,0,0,1,0,0,0,0,1,0,1,0
2018,10,29,2805,2400,155,250,316,0,10.4,0.1,1.1,75.8,51.688968,12.225848211277617,0,1,0,0,0,0,1,0,0,0,1,0,1,0
2018,10,30,2805,2416,89,300,206,0,8.1,0.0,0.7,65.0,48.77835,10.4483449176212,0,1,0,0,0,0,0,0,1,0,1,0,1,0
2018,10,31,2805,2388,111,306,0,0,8.1,0.0,0.5,68.8,48.539672,10.852222212594778,0,1,0,0,0,0,0,0,0,1,1,0,1,0
2018,11,1,2815,2427,89,299,172,0,6.8,0.0,0.5,68.8,46.601216,9.582931539784951,0,1,0,0,0,0,0,1,0,0,1,0,1,0
2018,11,2,2815,2305,211,299,43,0,7.6,0.0,0.5,64.4,48.092256,10.364033492283305,0,1,0,0,0,1,0,0,0,0,1,0,1,0
2018,11,5,2815,2463,104,248,391,0,9.7,0.0,0.3,69.6,50.887888,12.942928236124308,0,1,0,0,0,0,1,0,0,0,1,0,1,0
2018,11,6,2815,2477,69,269,393,0,10.9,0.0,0.2,74.9,52.500759,14.446314390643632,0,1,0,0,0,0,0,0,1,0,1,0,1,0
2018,11,7,2815,2448,68,299,0,0,12.8,0.5,0.3,82.3,55.32815600000001,15.883359559906076,0,1,0,0,0,0,0,0,0,1,1,0,1,0
2018,11,9,2815,2328,185,302,38,0,12.7,0.0,1.9,62.4,55.509352,13.993496496439056,0,1,0,0,0,1,0,0,0,0,1,0,1,0
2018,11,13,2815,2444,91,280,328,0,9.5,0.0,0.5,77.0,50.22585,12.219150629466892,0,1,0,0,0,0,0,0,1,0,1,0,1,0
2018,11,14,2815,2463,89,263,0,0,8.9,0.0,0.5,75.5,49.364805,11.63332416509313,0,1,0,0,0,0,0,0,0,1,1,0,1,0
2018,11,15,2815,2386,147,282,291,0,8.7,0.0,0.4,74.9,49.087437,11.686682178277929,0,1,0,0,0,0,0,1,0,0,1,0,1,0
2018,11,16,2815,2269,251,295,59,0,8.6,1.0,0.3,87.0,48.23218,11.89954937929852,0,1,0,0,0,1,0,0,0,0,1,0,1,0
2018,11,19,2815,2467,118,230,416,0,7.1,0.0,0.6,62.6,47.499354,9.649194887840032,0,1,0,0,0,0,1,0,0,0,1,0,1,0
2018,11,20,2815,2467,70,278,344,0,5.6,0.0,0.6,60.3,45.556132,8.168871581124293,0,1,0,0,0,0,0,0,1,0,1,0,1,0
2018,11,21,2815,2444,81,290,0,0,5.9,0.0,0.4,63.4,45.715994,8.987676004932244,0,1,0,0,0,0,0,0,0,1,1,0,1,0
2018,11,23,2815,2288,222,305,57,0,2.8,0.0,0.8,56.1,42.100792,4.960243351763291,0,1,0,0,0,1,0,0,0,0,1,0,1,0
2018,11,26,2815,2493,107,215,447,0,5.2,0.0,0.5,77.3,43.437504,8.020727634788248,0,1,0,0,0,0,1,0,0,0,1,0,1,0
2018,11,27,2815,2491,60,264,418,0,6.6,0.0,0.4,73.4,45.945756,9.66242754826866,0,1,0,0,0,0,0,0,1,0,1,0,1,0
2018,11,29,2815,2436,86,293,354,0,5.0,0.0,0.4,53.1,45.38515,8.120138306356841,0,1,0,0,0,0,0,1,0,0,1,0,1,0
2018,12,3,2846,2579,80,187,798,0,12.8,9.5,0.3,90.9,55.188148,15.883359559906076,0,0,0,0,1,0,1,0,0,0,1,0,1,0
2018,12,4,2846,2536,64,246,802,0,13.3,12.0,1.1,68.0,56.30256,15.195717378624495,0,0,0,0,1,0,0,0,1,0,1,0,1,0
2018,12,5,2846,2505,87,254,0,0,7.3,0.0,1.1,41.1,49.305997000000005,9.051160480665429,0,0,0,0,1,0,0,0,0,1,1,0,1,0
2018,12,6,2846,2490,90,266,589,0,5.8,2.5,1.0,69.4,45.058748,7.654399999999999,0,0,0,0,1,0,0,1,0,0,1,0,1,0
2018,12,7,2846,2364,182,300,83,0,0.2,0.0,3.1,33.8,41.695524,-0.2869755828391322,0,0,0,0,1,1,0,0,0,0,1,0,1,0
2018,12,10,2846,2544,98,204,863,0,-1.7,0.0,0.6,42.1,38.194157,0.964631488441028,0,0,0,0,1,0,1,0,0,0,1,0,1,0
2018,12,11,2846,2527,69,250,716,0,2.0,1.5,0.5,78.1,38.29808,4.896319824794835,0,0,0,0,1,0,0,0,1,0,1,0,1,0
2018,12,12,2846,2509,75,262,0,0,1.2,0.0,1.7,51.3,40.545544,2.006278373854444,0,0,0,0,1,0,0,0,0,1,1,0,1,0
2018,12,13,2846,2528,65,253,652,0,0.8,0.0,1.1,54.4,39.599648,2.39455717454311,0,0,0,0,1,0,0,1,0,0,1,0,1,0
2018,12,14,2846,2409,160,277,113,0,-0.1,0.0,1.0,44.9,39.753849,1.6481999999999992,0,0,0,0,1,1,0,0,0,0,1,0,1,0
2018,12,17,2846,2555,90,201,602,0,2.2,0.0,0.9,72.3,39.317794,4.165083614361377,0,0,0,0,1,0,1,0,0,0,1,0,1,0
2018,12,19,2846,2504,86,256,0,0,4.6,0.0,0.8,64.6,43.730084,6.767611655224035,0,0,0,0,1,0,0,0,0,1,1,0,1,0
2018,12,20,2846,2498,106,242,235,0,4.4,0.0,0.4,74.9,42.415944,7.541779840639909,0,0,0,0,1,0,0,1,0,0,1,0,1,0
2018,12,21,2846,2410,175,261,163,0,4.8,0.0,0.5,78.5,42.69282,7.630176658539072,0,0,0,0,1,1,0,0,0,0,1,0,1,0
2018,12,24,2846,1793,894,159,26,0,1.0,0.0,0.8,46.4,40.934160000000006,3.1528750483025463,0,0,0,0,1,0,1,0,0,0,0,1,1,0
2018,12,26,2846,2421,184,241,0,0,5.3,0.0,1.5,33.4,47.569298,6.52417528717052,0,0,0,0,1,0,0,0,0,1,1,0,1,0
2018,12,27,2846,2411,182,253,132,0,-0.6,0.0,2.7,16.5,43.35649,-0.8601968844284831,0,0,0,0,1,0,0,1,0,0,1,0,1,0
2018,12,28,2846,2267,315,264,18,0,-3.8,0.0,2.0,28.3,38.110454,-3.628671290814557,0,0,0,0,1,1,0,0,0,0,1,0,1,0
2018,12,31,2846,1629,1085,132,28,0,-1.2,0.0,0.6,37.1,39.581952,1.4580725906796064,0,0,0,0,1,0,1,0,0,0,0,1,1,0
2019,1,2,2985,2748,108,129,0,0,-0.6,0.0,1.0,48.8,38.545728,1.1392000000000004,0,0,0,0,1,0,0,0,0,1,1,0,1,0
2019,1,3,2985,2658,120,207,444,0,-1.8,0.0,0.4,50.0,36.801,1.565409028231601,0,0,0,0,1,0,0,1,0,0,1,0,1,0
2019,1,4,2985,2533,218,234,65,0,-0.4,0.0,0.3,45.8,39.245232,3.362813277996624,0,0,0,0,1,1,0,0,0,0,1,0,1,0
2019,1,8,2985,2664,98,223,444,0,0.8,0.0,1.3,44.0,41.00448,2.090546240219681,0,0,0,0,1,0,0,0,1,0,1,0,1,0
2019,1,9,2985,2675,85,225,0,0,-0.4,0.0,1.0,38.8,40.273952,1.3428000000000002,0,0,0,0,1,0,0,0,0,1,1,0,1,0
2019,1,10,2985,2648,94,243,363,0,2.5,0.0,1.3,47.4,42.71995,3.8500439970577616,0,0,0,0,1,0,0,1,0,0,1,0,1,0
2019,1,11,2985,2557,177,251,1,0,2.4,0.0,0.6,64.1,40.600716000000006,5.010848526797381,0,0,0,0,1,1,0,0,0,0,1,0,1,0
2019,1,14,2985,2700,99,186,487,0,1.2,0.0,0.4,65.9,38.631192,4.457201356816267,0,0,0,0,1,0,1,0,0,0,1,0,1,0
2019,1,15,2985,2691,71,223,417,0,2.2,0.0,1.2,55.9,41.305802,3.678856495654235,0,0,0,0,1,0,0,0,1,0,1,0,1,0
2019,1,16,2985,2677,80,228,0,0,-0.8,0.0,1.5,30.1,41.109308,0.1522652320178774,0,0,0,0,1,0,0,0,0,1,1,0,1,0
2019,1,17,2985,2667,71,247,326,0,0.0,0.0,1.2,51.5,38.9355,1.4134354530600657,0,0,0,0,1,0,0,1,0,0,1,0,1,0
2019,1,18,2985,2513,196,276,1,0,0.7,0.0,0.5,56.6,39.165438,3.627029151985012,0,0,0,0,1,1,0,0,0,0,1,0,1,0
2019,1,21,2985,2672,114,199,468,0,-0.5,0.0,0.7,55.1,37.742955,1.8826925902016247,0,0,0,0,1,0,1,0,0,0,1,0,1,0
2019,1,22,2985,2682,73,230,436,0,0.5,0.0,0.6,62.3,38.104485,3.1357723382907787,0,0,0,0,1,0,0,0,1,0,1,0,1,0
2019,1,24,2985,2653,91,241,401,0,0.8,0.0,0.6,50.9,40.072428,3.431836999633925,0,0,0,0,1,0,0,1,0,0,1,0,1,0
2019,1,25,2985,2532,186,267,1,0,0.4,0.0,1.4,45.1,40.353296,1.5370856909161774,0,0,0,0,1,1,0,0,0,0,1,0,1,0
2019,2,1,2806,2343,283,180,2,0,-1.0,0.0,1.0,59.5,36.39245,0.7320000000000007,0,0,0,0,1,1,0,0,0,0,0,1,1,0
2019,2,7,2806,2313,392,101,447,0,5.2,0.0,1.8,45.9,46.311232,6.125717150363769,0,0,0,0,1,0,0,1,0,0,1,0,1,0
2019,2,8,2806,2243,373,190,3,0,1.7,0.0,1.3,23.9,44.661537,3.02204505266337,0,0,0,0,1,1,0,0,0,0,1,0,1,0
2019,2,11,2806,2580,67,159,758,0,1.1,0.0,1.8,34.4,42.646416,1.7916115859677364,0,0,0,0,1,0,1,0,0,0,1,0,1,0
2019,2,15,2806,2369,159,278,1,0,4.1,0.0,0.8,52.3,44.264957,6.265564904262717,0,0,0,0,1,1,0,0,0,0,1,0,1,0
2019,2,18,2806,2507,104,195,728,0,2.3,0.0,0.5,44.0,42.87288,5.189233056981719,0,0,0,0,1,0,1,0,0,0,1,0,1,0
2019,2,20,2806,2500,65,241,0,0,4.5,0.0,1.3,58.5,44.185675,5.920041358043738,0,0,0,0,1,0,0,0,0,1,1,0,1,0
2019,2,21,2806,2456,81,269,540,0,4.0,0.0,0.9,57.8,43.56348,5.985553129057957,0,0,0,0,1,0,0,1,0,0,1,0,1,0
2019,2,22,2806,2327,178,301,1,0,4.2,0.0,0.4,64.0,43.21112,7.348993685400931,0,0,0,0,1,1,0,0,0,0,1,0,1,0
2019,2,25,2806,2470,122,214,752,0,6.9,0.0,0.6,56.0,47.70636,9.451818446944598,0,0,0,0,1,0,1,0,0,0,1,0,1,0
2019,2,27,2806,2432,100,274,0,0,7.9,0.5,0.8,67.8,48.306238,10.081120211568733,0,0,0,0,1,0,0,0,0,1,1,0,1,0
2019,3,4,2836,2451,213,172,708,0,10.2,0.0,0.9,63.4,51.897932,12.256059235235064,0,0,1,0,0,0,1,0,0,0,1,0,1,0
2019,3,5,2836,2539,67,230,736,0,8.9,0.0,0.7,65.8,49.897238,11.245149785288138,0,0,1,0,0,0,0,0,1,0,1,0,1,0
2019,3,6,2836,2542,56,238,0,0,9.2,2.0,0.8,80.5,49.57244,11.38644176406816,0,0,1,0,0,0,0,0,0,1,1,0,1,0
2019,3,7,2836,2526,45,265,589,0,7.5,0.0,1.2,62.8,48.057500000000005,9.136461734631098,0,0,1,0,0,0,0,1,0,0,1,0,1,0
2019,3,8,2836,2406,130,300,4,0,6.7,0.0,0.8,65.8,46.682114,8.876208009261571,0,0,1,0,0,1,0,0,0,0,1,0,1,0
2019,3,14,2836,2488,62,286,417,0,5.3,0.0,0.9,54.3,45.677221,7.3003366674499315,0,0,1,0,0,0,0,1,0,0,1,0,1,0
2019,3,18,2836,2512,107,217,607,0,8.1,0.0,1.0,63.9,48.847441,9.995800000000004,0,0,1,0,0,0,1,0,0,0,1,0,1,0
2019,3,19,2836,2516,72,248,553,0,11.6,0.0,0.9,59.6,54.017664,13.67197996888796,0,0,1,0,0,0,0,0,1,0,1,0,1,0
2019,3,20,2836,2498,77,261,0,0,11.2,19.0,0.7,81.4,52.757432,13.53596377983058,0,0,1,0,0,0,0,0,0,1,1,0,1,0
2019,3,21,2836,2495,81,260,457,0,14.6,0.0,2.0,58.4,58.215936,15.958208753705131,0,0,1,0,0,0,0,1,0,0,1,0,1,0
2019,3,22,2836,2373,168,295,3,0,9.3,0.0,1.8,40.9,51.749963,10.4598227147598,0,0,1,0,0,1,0,0,0,0,1,0,1,0
2019,3,29,2836,2296,239,301,1,0,12.7,0.0,0.9,77.0,55.25721,14.784489116758092,0,0,1,0,0,1,0,0,0,0,1,0,1,0
2019,4,3,2822,2480,59,283,0,0,8.8,0.0,1.3,33.0,51.583960000000005,10.370535684163585,0,0,1,0,0,0,0,0,0,1,1,0,1,0
2019,4,4,2822,2474,60,288,429,0,10.9,0.0,1.4,40.3,53.714873,12.456359420984969,0,0,1,0,0,0,0,1,0,0,1,0,1,0
2019,4,8,2822,2496,104,222,592,0,14.3,0.0,1.2,67.9,57.785903000000005,16.138672229922165,0,0,1,0,0,0,1,0,0,0,1,0,1,0
2019,4,9,2822,2514,69,239,578,0,10.4,24.0,2.0,66.5,52.06134,11.487290482673464,0,0,1,0,0,0,0,0,1,0,1,0,1,0
2019,4,10,2822,2513,64,245,0,0,8.4,10.9,1.7,79.6,48.340736,9.58883868101976,0,0,1,0,0,0,0,0,0,1,1,0,1,0
2019,4,11,2822,2522,52,248,434,0,9.1,0.0,0.8,76.5,49.623385,11.286032413875894,0,0,1,0,0,0,0,1,0,0,1,0,1,0
2019,4,15,2822,2531,113,178,609,0,11.3,0.0,1.1,52.8,53.809336,13.147531745971474,0,0,1,0,0,0,1,0,0,0,1,0,1,0
2019,4,16,2822,2534,54,234,552,0,13.1,0.0,0.9,54.5,56.185605,15.189037897801777,0,0,1,0,0,0,0,0,1,0,1,0,1,0
2019,4,18,2822,2465,76,281,458,0,14.8,0.0,1.1,72.0,58.54144,16.731856603114263,0,0,1,0,0,0,0,1,0,0,1,0,1,0
2019,4,19,2822,2298,230,294,1,0,12.7,0.0,0.8,82.0,55.170860000000005,14.900769020797382,0,0,1,0,0,1,0,0,0,0,1,0,1,0
2019,4,22,2822,2460,109,253,533,0,17.5,0.0,0.9,73.5,62.698375,19.639074489282308,0,0,1,0,0,0,1,0,0,0,1,0,1,0
2019,4,23,2822,2490,60,272,576,0,14.7,8.3,0.4,90.1,58.434953,17.47026683544726,0,0,1,0,0,0,0,0,1,0,1,0,1,0
2019,4,24,2822,2490,59,273,0,0,17.6,6.0,0.5,93.3,63.470692,20.12780789851272,0,0,1,0,0,0,0,0,0,1,1,0,1,0
2019,4,25,2822,2443,85,294,452,0,15.2,11.1,0.7,95.4,59.325592,17.519988118165266,0,0,1,0,0,0,0,1,0,0,1,0,1,0
2019,4,26,2822,2310,215,297,0,0,12.3,0.0,1.3,80.1,54.562477,13.993031065889042,0,0,1,0,0,1,0,0,0,0,1,0,1,0
2019,4,29,2822,2418,152,252,544,0,11.1,54.2,0.6,94.0,52.17866,13.59672370574867,0,0,1,0,0,0,1,0,0,0,1,0,1,0
2019,4,30,2822,2372,152,298,290,0,15.7,0.0,1.0,85.0,60.07355,17.7326,0,0,1,0,0,0,0,0,1,0,0,1,1,0
2019,5,2,2825,2275,247,303,384,0,16.0,0.0,1.0,59.0,60.1686,18.038,0,0,1,0,0,0,0,1,0,0,1,0,1,0
2019,5,3,2825,2201,348,276,1,0,16.2,0.0,1.1,55.5,60.38659,18.16558654597137,0,0,1,0,0,1,0,0,0,0,0,1,1,0
2019,5,7,2825,2419,135,271,606,0,14.6,0.0,1.2,58.0,58.215320000000006,16.447593281185007,0,0,1,0,0,0,0,0,1,0,1,0,1,0
2019,5,8,2825,2448,81,296,0,0,14.7,0.0,0.9,59.6,58.357788,16.807233021976515,0,0,1,0,0,0,0,0,0,1,1,0,1,0
2019,5,9,2825,2447,92,286,538,0,16.2,0.0,0.8,54.9,60.376162,18.415096277526604,0,0,1,0,0,0,0,1,0,0,1,0,1,0
2019,5,10,2825,2357,166,302,0,0,16.7,0.0,0.9,56.9,61.097577,18.82997692719493,0,0,1,0,0,1,0,0,0,0,1,0,1,0
2019,5,13,2825,2475,119,231,599,0,17.8,0.0,1.0,65.5,62.89391,19.870400000000004,0,0,1,0,0,0,1,0,0,0,1,0,1,0
2019,5,15,2825,2472,69,284,0,0,20.3,0.0,0.9,70.3,66.818291,22.4709159565881,0,0,1,0,0,0,0,0,0,1,1,0,1,0
2019,5,16,2825,2470,72,283,482,0,20.8,0.0,0.8,64.8,67.225216,23.03392638637073,0,0,1,0,0,0,0,1,0,0,1,0,1,0
2019,5,17,2825,2310,224,291,1,0,20.7,4.7,1.3,67.5,67.247275,22.687019982030144,0,0,1,0,0,1,0,0,0,0,1,0,1,0
2019,5,20,2825,2502,100,223,602,0,17.5,0.4,1.4,67.8,62.52595,19.31990290845678,0,0,1,0,0,0,1,0,0,0,1,0,1,0
2019,5,22,2825,2493,60,272,0,0,18.7,0.0,1.2,57.0,63.84841,20.669514315110504,0,0,1,0,0,0,0,0,0,1,1,0,1,0
2019,5,23,2825,2462,61,302,447,0,21.1,0.0,1.0,61.3,67.430057,23.229800000000004,0,0,1,0,0,0,0,1,0,0,1,0,1,0
2019,5,24,2825,2325,193,307,0,0,21.5,0.0,1.0,64.8,68.24128,23.637,0,0,1,0,0,1,0,0,0,0,1,0,1,0
2019,5,27,2825,2527,86,212,644,0,19.8,66.0,1.9,90.5,67.13631000000001,21.525769517466863,0,0,1,0,0,0,1,0,0,0,1,0,1,0
2019,5,29,2825,2538,50,237,0,0,19.7,0.0,1.1,54.1,65.071823,21.74991140311416,0,0,1,0,0,0,0,0,0,1,1,0,1,0
2019,5,30,2825,2494,73,258,517,0,20.3,0.0,1.1,54.4,65.896568,22.364367092910072,0,0,1,0,0,0,0,1,0,0,1,0,1,0
2019,5,31,2825,2355,179,291,0,0,17.1,1.2,1.1,76.3,62.156927,19.087270080665235,0,0,1,0,0,1,0,0,0,0,1,0,1,0
2019,6,3,2758,2446,87,225,702,0,21.5,0.0,1.0,64.9,68.248265,23.637,0,0,0,1,0,0,1,0,0,0,1,0,1,0
2019,6,4,2758,2442,65,251,592,0,22.5,0.0,1.1,71.4,70.21915,24.61737128882839,0,0,0,1,0,0,0,0,1,0,1,0,1,0
2019,6,10,2758,2408,114,236,673,0,19.2,0.3,1.3,72.4,65.260592,21.13452196129065,0,0,0,1,0,0,1,0,0,0,1,0,1,0
2019,6,11,2758,2436,55,267,624,0,19.0,1.9,1.1,75.9,65.11309,21.033046431685605,0,0,0,1,0,0,0,0,1,0,1,0,1,0
2019,6,13,2758,2405,65,288,507,0,21.1,0.0,1.2,72.3,68.154847,23.14088272521324,0,0,0,1,0,0,0,1,0,0,1,0,1,0
2019,6,14,2758,2270,193,295,4,0,19.1,2.7,0.6,82.9,65.591861,21.491781341565947,0,0,0,1,0,1,0,0,0,0,1,0,1,0
2019,6,17,2758,2423,95,240,640,0,21.9,0.0,1.2,73.9,69.493559,23.96467219524748,0,0,0,1,0,0,1,0,0,0,1,0,1,0
2019,6,18,2758,2429,65,264,558,0,22.3,0.0,0.9,76.0,70.27351999999999,24.49365986180652,0,0,0,1,0,0,0,0,1,0,1,0,1,0
2019,6,19,2758,2420,78,260,0,0,22.8,0.0,1.0,77.6,71.187072,24.9604,0,0,0,1,0,0,0,0,0,1,1,0,1,0
2019,6,20,2758,2377,90,291,444,0,24.2,0.0,1.1,72.3,72.88473400000001,26.35832907658346,0,0,0,1,0,0,0,1,0,0,1,0,1,0
2019,6,24,2758,2444,101,213,692,0,21.9,0.0,1.1,76.3,69.670703,24.002915599032484,0,0,0,1,0,0,1,0,0,0,1,0,1,0
2019,6,25,2758,2426,67,265,573,0,23.3,0.0,1.2,71.9,71.476473,25.406303767807408,0,0,0,1,0,0,0,0,1,0,1,0,1,0
2019,6,28,2758,2241,229,288,2,0,24.2,0.0,1.1,81.5,73.77327,26.35832907658346,0,0,0,1,0,1,0,0,0,0,1,0,1,0
2019,7,2,2760,2436,87,237,490,0,24.0,0.0,0.9,78.0,73.1188,26.21299218124218,0,0,0,1,0,0,0,0,1,0,1,0,1,0
2019,7,4,2760,2356,95,309,434,0,24.5,0.0,0.8,72.3,73.342465,26.74907234348448,0,0,0,1,0,0,0,1,0,0,1,0,1,0
2019,7,5,2760,2261,210,289,0,0,24.8,0.0,0.8,74.6,74.035992,27.05030039406127,0,0,0,1,0,1,0,0,0,0,1,0,1,0
2019,7,8,2760,2328,155,277,536,0,23.1,0.0,1.3,65.6,70.632264,25.17101681521332,0,0,0,1,0,0,1,0,0,0,1,0,1,0
2019,7,9,2760,2410,75,275,466,0,23.0,0.0,1.4,67.1,70.61337,25.039522481349955,0,0,0,1,0,0,0,0,1,0,1,0,1,0
2019,7,10,2760,2351,123,286,0,0,20.7,27.0,1.0,87.1,68.46110300000001,22.8226,0,0,0,1,0,0,0,0,0,1,1,0,1,0
2019,7,11,2760,2357,102,301,371,0,24.2,0.1,1.3,80.5,73.67669000000001,26.3095153637556,0,0,0,1,0,0,0,1,0,0,1,0,1,0
2019,7,12,2760,2210,244,306,0,0,24.3,0.0,1.1,73.4,73.144638,26.460738358216112,0,0,0,1,0,1,0,0,0,0,1,0,1,0
2019,7,16,2760,2433,100,227,426,0,23.7,4.8,0.9,81.1,72.928193,25.909580595459413,0,0,0,1,0,0,0,0,1,0,1,0,1,0
2019,7,17,2760,2405,96,259,0,0,24.4,2.0,0.9,78.0,73.75168,26.61754096228585,0,0,0,1,0,0,0,0,0,1,1,0,1,0
2019,7,19,2760,2233,236,291,0,0,23.5,30.7,0.7,94.5,73.806925,25.786838620209743,0,0,0,1,0,1,0,0,0,0,1,0,1,0
2019,7,23,2760,2308,206,246,449,0,27.3,0.0,1.2,82.5,78.912775,29.525251117978623,0,0,0,1,0,0,0,0,1,0,1,0,1,0
2019,7,25,2760,2205,276,279,347,0,26.6,0.0,0.9,88.6,78.50812400000001,28.842559258026128,0,0,0,1,0,0,0,1,0,0,1,0,1,0
2019,7,30,2760,2113,434,213,382,0,28.5,0.0,1.4,80.4,80.57266000000001,30.759142054243128,0,0,0,1,0,0,0,0,1,0,1,0,1,0
2019,7,31,2760,2034,495,231,0,0,28.8,0.0,1.5,79.3,80.898116,31.071697630791355,0,0,0,1,0,0,0,0,0,1,1,0,1,0
2019,8,1,3305,2540,546,219,285,0,28.4,0.0,1.1,78.6,80.163376,30.659518905154805,0,0,0,1,0,0,0,1,0,0,1,0,1,0
2019,8,2,3305,2381,687,237,2,0,28.8,0.0,0.9,77.8,80.684936,31.067577553766387,0,0,0,1,0,1,0,0,0,0,1,0,1,0
2019,8,7,3305,2651,421,233,1,0,27.7,0.0,1.2,80.6,79.314138,29.93714585299574,0,0,0,1,0,0,0,0,0,1,1,0,1,0
2019,8,8,3305,2621,430,254,364,0,28.4,0.0,0.8,77.5,80.0114,30.66503700098276,0,0,0,1,0,0,0,1,0,0,1,0,1,0
2019,8,9,3305,2548,496,261,3,0,28.4,0.0,0.7,76.9,79.928504,30.66726843466973,0,0,0,1,0,1,0,0,0,0,1,0,1,0
2019,8,12,3305,2703,394,208,424,0,28.2,0.2,1.4,79.5,79.96831,30.4471628048126,0,0,0,1,0,0,1,0,0,0,1,0,1,0
2019,8,13,3305,2706,345,254,411,0,28.6,2.2,0.7,81.1,80.831354,30.866469651586463,0,0,0,1,0,0,0,0,1,0,1,0,1,0
2019,8,14,3305,2629,430,246,2,0,29.4,0.6,1.6,71.8,80.744708,31.70162261774988,0,0,0,1,0,0,0,0,0,1,0,1,1,0
2019,8,16,3305,2071,1026,208,7,0,27.8,0.0,1.9,71.4,78.258508,30.012837710174253,0,0,0,1,0,1,0,0,0,0,1,0,1,0
2019,8,19,3305,2829,264,212,569,0,25.7,0.0,0.7,74.6,75.429678,27.97805200629381,0,0,0,1,0,0,1,0,0,0,1,0,1,0
2019,8,20,3305,2845,205,255,534,0,26.9,0.2,1.0,72.0,76.96732,29.1342,0,0,0,1,0,0,0,0,1,0,1,0,1,0
2019,8,21,3305,2826,214,265,0,0,25.7,13.3,0.6,82.8,76.34340399999999,28.0052038911152,0,0,0,1,0,0,0,0,0,1,1,0,1,0
2019,8,22,3305,2852,178,275,468,0,26.7,29.8,1.0,87.0,78.48271,28.930600000000005,0,0,0,1,0,0,0,1,0,0,1,0,1,0
2019,8,23,3305,2742,268,295,2,0,24.4,0.0,0.6,82.1,74.155776,26.722257025294887,0,0,0,1,0,1,0,0,0,0,1,0,1,0
2019,8,26,3305,2913,162,230,596,0,23.9,0.0,1.0,77.5,72.91377499999999,26.0802,0,0,0,1,0,0,1,0,0,0,1,0,1,0
2019,8,28,3305,2908,123,274,0,0,23.8,0.3,0.7,88.8,73.80265600000001,26.085640445584843,0,0,0,1,0,0,0,0,0,1,1,0,1,0
2019,8,29,3305,2884,132,289,435,0,22.3,0.2,0.9,89.8,71.346746,24.49365986180652,0,0,0,1,0,0,0,1,0,0,1,0,1,0
2019,8,30,3305,2747,253,305,1,0,22.7,0.0,0.7,74.6,70.784058,24.9900337525428,0,0,0,1,0,1,0,0,0,0,1,0,1,0
2019,9,2,3111,2761,137,213,564,0,20.2,24.9,0.5,94.6,68.052308,22.666389244132365,0,1,0,0,0,0,1,0,0,0,1,0,1,0
2019,9,5,3111,2701,118,292,391,0,25.2,7.0,0.6,88.3,76.114184,27.511762788876617,0,1,0,0,0,0,0,1,0,0,1,0,1,0
2019,9,6,3111,2596,214,301,0,0,26.0,1.8,1.2,85.8,77.17552,28.186593229172978,0,1,0,0,0,1,0,0,0,0,1,0,1,0
2019,9,9,3111,2746,148,217,523,0,26.5,0.7,0.9,85.6,77.98136,28.741422062765206,0,1,0,0,0,0,1,0,0,0,1,0,1,0
2019,9,10,3111,2731,142,238,401,0,26.2,0.2,0.8,82.0,77.06515999999999,28.45603129675296,0,1,0,0,0,0,0,0,1,0,1,0,1,0
2019,9,11,3111,2550,426,135,0,0,25.7,1.8,1.1,83.8,76.454834,27.894468301073225,0,1,0,0,0,0,0,0,0,1,0,1,1,0
2019,9,16,3111,2672,259,180,631,0,23.5,0.0,1.1,71.6,71.75394,25.641464105154903,0,1,0,0,0,0,1,0,0,0,1,0,1,0
2019,9,17,3111,2795,75,241,606,0,20.8,0.0,1.0,69.4,67.514648,22.9244,0,1,0,0,0,0,0,0,1,0,1,0,1,0
2019,9,19,3111,2741,80,290,441,0,19.4,0.0,0.8,72.3,65.561038,21.62819548367904,0,1,0,0,0,0,0,1,0,0,1,0,1,0
2019,9,20,3111,2627,182,302,2,0,19.2,0.0,1.1,72.1,65.246468,21.237864994950904,0,1,0,0,0,1,0,0,0,0,1,0,1,0
2019,9,23,3111,2783,114,214,569,0,18.1,0.1,0.8,86.6,64.095054,20.32287393117961,0,1,0,0,0,0,1,0,0,0,1,0,1,0
2019,9,24,3111,2775,71,265,631,0,18.3,0.0,0.7,79.6,64.161332,20.607606980374648,0,1,0,0,0,0,0,0,1,0,1,0,1,0
2019,9,26,3111,2724,75,312,542,0,20.5,0.0,0.5,81.6,67.79692,22.959302476319245,0,1,0,0,0,0,0,1,0,0,1,0,1,0
2019,9,27,3111,2625,177,309,2,0,21.7,3.4,0.6,84.6,69.953818,24.05767507320656,0,1,0,0,0,1,0,0,0,0,1,0,1,0
2019,10,2,3121,2660,244,217,310,0,21.6,139.6,1.3,94.1,70.46204399999999,23.61851879447384,0,1,0,0,0,0,0,0,0,1,0,1,1,0
2019,10,4,3121,2622,268,231,428,0,21.4,0.0,0.7,83.4,69.376924,23.695225842584023,0,1,0,0,0,1,0,0,0,0,1,0,1,0
2019,10,8,3121,2645,214,262,247,0,17.0,0.0,0.9,71.6,61.88148,19.1333885129777,0,1,0,0,0,0,0,0,1,0,0,1,1,0
2019,10,10,3121,2568,284,269,398,0,15.0,0.0,0.5,73.0,58.8515,17.589226552893074,0,1,0,0,0,0,0,1,0,0,1,0,1,0
2019,10,11,3121,2447,389,285,3,0,18.9,0.0,0.9,63.6,64.414396,21.0549952229352,0,1,0,0,0,1,0,0,0,0,1,0,1,0
2019,10,14,3121,2732,152,237,529,0,15.6,0.0,0.6,75.4,59.798576,18.037693625895887,0,1,0,0,0,0,1,0,0,0,1,0,1,0
2019,10,15,3121,2749,112,260,534,0,14.9,0.0,1.0,75.6,58.709956000000005,16.918200000000002,0,1,0,0,0,0,0,0,1,0,1,0,1,0
2019,10,18,3121,2489,332,300,2,0,14.9,9.8,0.7,87.4,58.763174,17.221186292790165,0,1,0,0,0,1,0,0,0,0,1,0,1,0
2019,10,21,3121,2726,168,227,709,0,14.8,0.0,0.7,78.6,58.564672,17.121585684331798,0,1,0,0,0,0,1,0,0,0,1,0,1,0
2019,10,22,3121,2644,99,378,381,0,15.9,0.0,0.7,80.4,60.337564,18.21719237737384,0,1,0,0,0,0,0,0,1,0,1,0,1,0
2019,10,23,3121,2746,89,286,2,0,16.1,0.0,0.5,80.3,60.657117,18.663241737578307,0,1,0,0,0,0,0,0,0,1,1,0,1,0
2019,10,24,3121,2679,129,313,410,0,18.0,0.0,1.3,69.8,63.33696,19.89252354469908,0,1,0,0,0,0,0,1,0,0,1,0,1,0
2019,10,25,3121,2482,316,323,1,0,17.5,0.0,0.6,78.6,62.85265,19.91276981440249,0,1,0,0,0,1,0,0,0,0,1,0,1,0
2019,10,28,3121,2635,219,267,464,0,10.7,0.0,0.8,74.4,52.208992,12.892582016952108,0,1,0,0,0,0,1,0,0,0,1,0,1,0
2019,10,29,3121,2716,112,293,477,0,11.9,0.0,1.0,72.4,54.115244,13.8642,0,1,0,0,0,0,0,0,1,0,1,0,1,0
2019,10,30,3121,2705,122,294,1,0,10.4,0.0,0.4,77.4,51.624904,13.32536449780924,0,1,0,0,0,0,0,0,0,1,1,0,1,0
2019,10,31,3121,2679,130,312,430,0,10.8,0.0,0.4,77.3,52.259016,13.710936808287194,0,1,0,0,0,0,0,1,0,0,1,0,1,0
2019,11,1,3104,2529,248,327,1,0,12.6,0.0,0.4,79.4,55.056156,15.446012205437992,0,1,0,0,0,1,0,0,0,0,1,0,1,0
2019,11,5,3104,2729,86,289,541,0,11.8,0.0,0.5,79.5,53.77669,14.46481874289966,0,1,0,0,0,0,0,0,1,0,1,0,1,0
2019,11,6,3104,2690,119,295,0,0,10.6,0.0,0.5,75.9,51.997246,13.293165814152127,0,1,0,0,0,0,0,0,0,1,1,0,1,0
2019,11,7,3104,2669,133,302,424,0,10.9,0.0,0.6,72.9,52.570939,13.399347264853237,0,1,0,0,0,0,0,1,0,0,1,0,1,0
2019,11,13,3104,2678,136,290,0,0,10.5,0.0,1.1,68.8,52.11836,12.328257492910264,0,1,0,0,0,0,0,0,0,1,1,0,1,0
2019,11,14,3104,2630,188,286,453,0,6.1,0.0,1.9,47.9,47.283981,6.991665237455461,0,1,0,0,0,0,0,1,0,0,1,0,1,0
2019,11,18,3104,2691,183,230,672,0,11.8,12.8,1.4,64.1,54.179862,13.39229716927658,0,1,0,0,0,0,1,0,0,0,1,0,1,0
2019,11,19,3104,2680,139,285,562,0,4.9,0.0,1.3,63.0,44.31613,6.334040830240933,0,1,0,0,0,0,0,0,1,0,1,0,1,0
2019,11,20,3104,2642,174,288,0,0,4.2,0.0,0.8,55.9,44.032622,6.365974254454981,0,1,0,0,0,0,0,0,0,1,1,0,1,0
2019,11,21,3104,2612,188,304,480,0,5.2,0.0,0.8,57.0,45.29536,7.370067756377617,0,1,0,0,0,0,0,1,0,0,1,0,1,0
2019,11,25,3104,2699,170,235,733,0,9.8,0.0,1.9,56.8,51.626336,10.916934276582628,0,1,0,0,0,0,1,0,0,0,1,0,1,0
2019,11,26,3104,2705,129,270,634,0,9.7,0.0,0.9,69.1,50.911373,11.75037325893046,0,1,0,0,0,0,0,0,1,0,1,0,1,0
2019,11,27,3104,2682,134,288,1,0,8.2,0.0,0.8,65.3,48.905154,10.382348262145523,0,1,0,0,0,0,0,0,0,1,1,0,1,0
2019,11,28,3104,2640,167,297,558,0,6.5,0.0,0.9,69.4,46.10669,8.513983010580983,0,1,0,0,0,0,0,1,0,0,1,0,1,0
2019,12,3,3111,2749,115,247,789,0,2.1,0.0,0.7,74.9,38.847471,4.472308410119171,0,0,0,0,1,0,0,0,1,0,1,0,1,0
2019,12,5,3111,2686,145,280,549,0,2.3,0.0,1.5,56.5,41.370005,3.390449030538073,0,0,0,0,1,0,0,1,0,0,1,0,1,0
2019,12,6,3111,2500,312,299,5,0,-1.9,0.0,1.0,44.5,37.560455,-0.1841999999999994,0,0,0,0,1,1,0,0,0,0,1,0,1,0
2019,12,9,3111,2729,190,192,819,0,1.2,0.0,0.5,71.1,37.949368,4.115217872296483,0,0,0,0,1,0,1,0,0,0,1,0,1,0
2019,12,11,3111,2678,168,265,0,0,7.5,0.0,1.5,67.4,47.74125,8.822241208700982,0,0,0,0,1,0,0,0,0,1,1,0,1,0
2019,12,17,3111,2689,155,267,613,0,7.3,0.0,0.5,83.3,46.321191,10.07112026009642,0,0,0,0,1,0,0,0,1,0,1,0,1,0
2019,12,18,3111,2659,169,283,3,0,7.2,0.0,0.7,57.8,47.986584,9.551939441495897,0,0,0,0,1,0,0,0,0,1,1,0,1,0
2019,12,19,3111,2676,165,270,591,0,4.4,0.0,1.2,47.1,45.180376,5.9442775382484045,0,0,0,0,1,0,0,1,0,0,1,0,1,0
2019,12,20,3111,2513,337,261,4,0,1.9,0.0,0.7,58.9,40.524209,4.273107193202437,0,0,0,0,1,1,0,0,0,0,1,0,1,0
2019,12,23,3111,2540,343,228,131,0,2.3,0.0,0.6,73.3,39.350141,4.912160306349667,0,0,0,0,1,0,1,0,0,0,1,0,1,0
2019,12,24,3111,2417,478,216,52,0,2.2,0.0,0.4,70.9,39.487502,5.421132133011154,0,0,0,0,1,0,0,0,1,0,0,1,1,0
2019,12,30,3111,2356,563,192,98,0,6.0,0.6,0.4,84.1,44.12924,9.08406908255173,0,0,0,0,1,0,1,0,0,0,1,0,1,0
2019,12,31,3111,2253,709,149,22,0,-1.1,0.0,2.2,35.3,39.976683,-0.9572068576290356,0,0,0,0,1,0,0,0,1,0,0,1,1,0
2020,1,3,2821,2314,321,186,3,0,0.5,0.0,0.4,71.9,36.779205,3.782449813479845,0,0,0,0,1,1,0,0,0,0,1,0,1,0
2020,1,6,2821,2494,119,203,424,5,3.1,13.8,0.3,85.3,39.230957,6.682655095169584,0,0,0,0,1,0,1,0,0,0,1,0,1,0
2020,1,8,2821,2477,117,222,7,5,7.4,0.0,3.1,66.4,47.663264,7.609143337501429,0,0,0,0,1,0,0,0,0,1,1,0,1,0
2020,1,9,2821,2449,124,241,426,7,3.1,0.0,0.8,63.9,41.634391,5.2614714023400815,0,0,0,0,1,0,0,1,0,0,1,0,1,0
2020,1,14,2821,2489,96,236,388,0,0.6,0.0,0.8,58.9,38.713166,2.7512376475334923,0,0,0,0,1,0,0,0,1,0,1,0,1,0
2020,1,15,2821,2489,97,235,4,0,-0.4,0.0,0.7,63.9,36.585256,1.9822931986599928,0,0,0,0,1,0,0,0,0,1,1,0,1,0
2020,1,16,2821,2485,92,244,390,0,0.6,0.0,0.6,52.8,39.549232,3.234460558738494,0,0,0,0,1,0,0,1,0,0,1,0,1,0
2020,1,17,2821,2310,242,269,0,0,1.9,0.0,0.4,51.1,41.492891,5.131952900152688,0,0,0,0,1,1,0,0,0,0,1,0,1,0
2020,1,20,2821,2490,132,199,488,0,0.7,0.0,0.7,66.9,37.763917,3.077899891702032,0,0,0,0,1,0,1,0,0,0,1,0,1,0
2020,1,21,2821,2488,96,237,491,0,0.6,0.0,0.7,53.0,39.52182,2.978299283243664,0,0,0,0,1,0,0,0,1,0,1,0,1,0
2020,1,22,2821,2459,130,232,5,0,3.5,20.1,0.5,76.0,40.9004,6.360885985729247,0,0,0,0,1,0,0,0,0,1,1,0,1,0
2020,1,28,2821,2394,284,143,670,0,8.2,0.3,1.2,70.4,48.589872,9.857277520911062,0,0,0,0,1,0,0,0,1,0,1,0,1,0
2020,1,29,2821,2506,101,214,4,0,6.6,0.5,0.7,81.6,45.308944,8.954335790745692,0,0,0,0,1,0,0,0,0,1,1,0,1,0
2020,1,30,2821,2484,76,261,482,0,5.2,0.0,0.8,72.6,43.867648,7.370067756377617,0,0,0,0,1,0,0,1,0,0,1,0,1,0
2020,1,31,2821,2373,183,265,0,0,2.3,0.0,0.6,73.1,39.374187,4.912160306349667,0,0,0,0,1,1,0,0,0,0,1,0,1,0
2020,2,3,2872,2562,101,208,537,1,1.6,0.0,0.7,65.0,39.3306,3.974305367827336,0,0,0,0,1,0,1,0,0,0,1,0,1,0
2020,2,4,2872,2578,72,222,471,0,0.3,0.0,0.7,60.9,38.015173,2.6794974578685635,0,0,0,0,1,0,0,0,1,0,1,0,1,0
2020,2,10,2872,2671,65,136,617,0,2.6,0.0,0.7,64.5,40.84273,4.970311452411007,0,0,0,0,1,0,1,0,0,0,1,0,1,0
2020,2,11,2872,2622,52,198,748,0,5.4,0.0,0.6,62.9,45.041934,7.97149514022886,0,0,0,0,1,0,0,0,1,0,1,0,1,0
2020,2,12,2872,2597,65,210,5,0,8.6,20.8,0.6,93.9,47.832946,11.129518194555772,0,0,0,0,1,0,0,0,0,1,1,0,1,0
2020,2,13,2872,2552,71,249,620,0,8.3,0.0,0.7,85.1,47.846367,10.647546134537931,0,0,0,0,1,0,0,1,0,0,1,0,1,0
2020,2,17,2872,2602,74,196,722,0,-0.3,0.0,2.9,51.1,38.597933,-0.6891759217258623,0,0,0,0,1,0,1,0,0,0,1,0,1,0
2020,2,18,2872,2586,47,239,666,0,0.4,0.0,1.1,48.3,39.908368,1.984920048012506,0,0,0,0,1,0,0,0,1,0,1,0,1,0
2020,2,20,2872,2540,78,254,549,0,5.4,0.0,0.6,58.9,45.400094,7.97149514022886,0,0,0,0,1,0,0,1,0,0,1,0,1,0
2020,2,21,2872,2414,181,277,0,0,7.0,1.3,0.8,70.4,46.78152,9.177436059838362,0,0,0,0,1,1,0,0,0,0,1,0,1,0
2020,2,24,2872,2572,144,156,846,0,6.7,0.6,0.7,66.0,46.66678,9.05393639920406,0,0,0,0,1,0,1,0,0,0,1,0,1,0
2020,2,26,2872,2573,109,190,4,0,9.4,0.0,0.9,79.1,49.963746,11.446961673147698,0,0,0,0,1,0,0,0,0,1,1,0,1,0
2020,2,27,2872,2529,121,217,667,5,7.3,0.0,1.1,67.6,47.431652,9.051160480665429,0,0,0,0,1,0,0,1,0,0,1,0,1,0
2020,2,28,2872,2421,210,234,0,7,5.2,1.3,0.5,84.5,42.77856,8.020727634788248,0,0,0,0,1,1,0,0,0,0,1,0,1,0
2020,3,2,2950,2695,108,133,786,14,7.7,0.0,1.6,43.6,49.625828,8.939043083612592,0,0,1,0,0,0,1,0,0,0,1,0,1,0
2020,3,3,2950,2677,76,185,753,12,6.9,0.0,0.6,67.6,46.839956,9.451818446944598,0,0,1,0,0,0,0,0,1,0,1,0,1,0
2020,3,4,2950,2652,74,205,1,19,6.2,0.0,1.8,52.0,47.07776,7.1828160685091405,0,0,1,0,0,0,0,0,0,1,1,0,1,0
2020,3,5,2950,2619,84,232,612,15,3.3,0.0,1.2,46.8,43.809556,4.81156701695132,0,0,1,0,0,0,0,1,0,0,1,0,1,0
2020,3,6,2950,2521,166,251,0,12,4.1,0.0,0.8,57.5,43.732425,6.265564904262717,0,0,1,0,0,1,0,0,0,0,1,0,1,0
2020,3,9,2950,2714,91,129,784,16,8.0,7.4,0.4,85.0,47.357,11.011930634941503,0,0,1,0,0,0,1,0,0,0,1,0,1,0
2020,3,10,2950,2695,67,168,678,20,9.0,10.3,1.0,79.3,49.31573,10.912,0,0,1,0,0,0,0,0,1,0,1,0,1,0
2020,3,11,2950,2656,74,197,0,23,4.8,0.0,1.5,56.6,44.783832,6.001887577731781,0,0,1,0,0,0,0,0,0,1,1,0,1,0
2020,3,16,2950,2722,69,138,789,21,5.6,0.0,1.4,42.8,47.088432,6.944726014378817,0,0,1,0,0,0,1,0,0,0,1,0,1,0
2020,3,17,2950,2698,61,171,679,20,9.3,0.0,1.6,54.4,51.062408000000005,10.617389961705666,0,0,1,0,0,0,0,0,1,0,1,0,1,0
2020,3,18,2950,2668,47,210,0,25,9.4,0.0,0.9,58.8,50.97752800000001,11.446961673147698,0,0,1,0,0,0,0,0,0,1,1,0,1,0
2020,3,20,2950,2376,176,263,3,135,10.6,0.0,1.9,36.6,53.493004,11.765641095853365,0,0,1,0,0,1,0,0,0,0,1,0,1,0
2020,3,24,2950,2379,131,137,639,303,9.6,0.0,0.8,56.8,51.351872,11.78807916483721,0,0,1,0,0,0,0,0,1,0,1,0,1,0
2020,3,25,2950,2379,122,146,1,303,11.2,0.0,0.9,58.9,53.480132,13.267431187844275,0,0,1,0,0,0,0,0,0,1,1,0,1,0
2020,3,26,2950,2396,133,133,584,288,10.8,18.6,0.4,88.8,51.844096,13.710936808287194,0,0,1,0,0,0,0,1,0,0,1,0,1,0
2020,3,27,2950,2280,254,156,0,260,14.6,0.9,0.7,79.6,58.248584,16.922384467415064,0,0,1,0,0,1,0,0,0,0,1,0,1,0
2020,3,30,2950,2179,230,53,627,488,11.4,0.0,0.9,64.3,53.595998,13.46970557836612,0,0,1,0,0,0,1,0,0,0,1,0,1,0
2020,3,31,2950,2181,193,43,528,533,11.4,0.0,0.7,65.9,53.547774,13.735164996747317,0,0,1,0,0,0,0,0,1,0,1,0,1,0
2020,4,6,2962,2127,206,152,713,477,9.3,0.0,0.7,51.1,51.230477,11.643552219121606,0,0,1,0,0,0,1,0,0,0,1,0,1,0
2020,4,7,2962,2152,164,156,698,490,13.0,0.0,0.8,51.3,56.096410000000006,15.201997071374173,0,0,1,0,0,0,0,0,1,0,1,0,1,0
2020,4,8,2962,2152,159,172,1,479,12.1,0.0,1.0,37.3,55.235267,14.067799999999998,0,0,1,0,0,0,0,0,0,1,1,0,1,0
2020,4,10,2962,2020,316,209,0,417,9.5,0.0,0.5,65.8,50.77409,12.219150629466892,0,0,1,0,0,1,0,0,0,0,1,0,1,0
2020,4,13,2962,2204,165,146,619,447,9.9,0.0,1.3,49.6,52.087496,11.50903423270587,0,0,1,0,0,0,1,0,0,0,1,0,1,0
2020,4,16,2962,2068,265,182,498,447,11.4,0.0,0.8,68.1,53.481466,13.59544746829796,0,0,1,0,0,0,0,1,0,0,1,0,1,0
2020,4,17,2962,2027,325,221,3,389,10.7,28.9,0.3,90.8,51.601044,13.891454469602294,0,0,1,0,0,1,0,0,0,0,1,0,1,0
2020,4,20,2962,2203,145,143,624,471,13.6,0.0,1.7,68.5,56.74334,15.065132236194705,0,0,1,0,0,0,1,0,0,0,1,0,1,0
2020,4,21,2962,2215,126,171,700,450,11.4,0.0,2.1,36.9,54.421834,12.49181606511168,0,0,1,0,0,0,0,0,1,0,1,0,1,0
2020,4,24,2962,2076,232,267,1,387,10.4,0.0,2.0,42.3,53.030308000000005,11.487290482673464,0,0,1,0,0,1,0,0,0,0,1,0,1,0
2020,4,27,2962,2227,125,192,706,418,12.7,0.0,0.8,50.8,55.709684,14.900769020797382,0,0,1,0,0,0,1,0,0,0,1,0,1,0
2020,4,28,2962,2211,118,223,493,410,12.4,0.0,0.7,54.3,55.244968,14.731171081330984,0,0,1,0,0,0,0,0,1,0,1,0,1,0
2020,5,4,2962,1543,1113,117,91,189,20.8,0.0,0.6,81.0,68.24452,23.16948108917712,0,0,1,0,0,0,1,0,0,0,0,1,1,0
2020,5,6,2962,2390,104,177,2,291,19.1,0.0,1.0,63.5,64.697715,21.193800000000003,0,0,1,0,0,0,0,0,0,1,1,0,1,0
2020,5,7,2962,2365,76,236,577,285,16.2,0.0,1.2,53.5,60.35183,18.09517222125349,0,0,1,0,0,0,0,1,0,0,1,0,1,0
2020,5,11,2962,2428,94,195,659,245,19.6,0.0,0.6,58.8,65.177152,21.985222443804528,0,0,1,0,0,0,1,0,0,0,1,0,1,0
2020,5,13,2962,2416,68,242,0,236,17.1,0.0,0.9,51.8,61.512822,19.23452570823862,0,0,1,0,0,0,0,0,0,1,1,0,1,0
2020,5,15,2962,2304,161,296,0,201,15.0,17.8,0.3,91.9,58.95545,17.970117273557648,0,0,1,0,0,1,0,0,0,0,1,0,1,0
2020,5,18,2962,2397,96,223,701,246,17.8,13.6,0.6,89.0,63.67458,20.20883447574564,0,0,1,0,0,0,1,0,0,0,1,0,1,0
2020,5,19,2962,2412,78,235,617,237,14.3,0.0,1.7,75.5,57.775035,15.80232559939133,0,0,1,0,0,0,0,0,1,0,1,0,1,0
2020,5,21,2962,2412,63,269,474,218,16.1,0.0,0.9,75.8,60.58336200000001,18.22315375562941,0,0,1,0,0,0,0,1,0,0,1,0,1,0
2020,5,22,2962,2253,226,277,0,206,16.5,0.0,0.9,72.9,61.148515,18.62770253667309,0,0,1,0,0,1,0,0,0,0,1,0,1,0
2020,5,27,2962,2428,65,234,2,235,19.8,0.0,0.8,63.3,65.694166,22.02983288444809,0,0,1,0,0,0,0,0,0,1,1,0,1,0
2020,5,28,2962,2414,66,270,431,212,19.5,0.0,0.9,66.5,65.423325,21.661818394500727,0,0,1,0,0,0,0,1,0,0,1,0,1,0
2020,5,29,2962,2240,236,284,1,202,20.2,0.0,0.8,65.5,66.39419000000001,22.431470285217152,0,0,1,0,0,1,0,0,0,0,1,0,1,0
2020,6,2,2956,2448,64,231,605,213,20.2,0.0,0.9,56.6,65.887068,22.36977876132718,0,0,0,1,0,0,0,0,1,0,1,0,1,0
2020,6,3,2956,2451,63,251,0,191,21.4,0.0,0.9,77.3,68.95687799999999,23.58342510445823,0,0,0,1,0,0,0,0,0,1,1,0,1,0
2020,6,5,2956,2256,233,291,0,176,24.1,0.0,0.9,72.3,72.732157,26.314129376503104,0,0,0,1,0,1,0,0,0,0,1,0,1,0
2020,6,9,2956,2458,68,253,519,177,24.2,0.0,0.8,67.6,72.430808,26.44784429290769,0,0,0,1,0,0,0,0,1,0,1,0,1,0
2020,6,10,2956,2432,75,248,4,201,24.7,0.4,0.9,75.8,74.002974,26.92095254806862,0,0,0,1,0,0,0,0,0,1,1,0,1,0
2020,7,1,2997,2521,71,252,9,153,22.3,0.0,0.8,77.4,70.382398,24.54006663925468,0,0,0,1,0,0,0,0,0,1,1,0,1,0
2020,7,2,2997,2495,82,268,446,152,21.6,0.0,0.6,81.4,69.562376,23.958986852758848,0,0,0,1,0,0,0,1,0,0,1,0,1,0
2020,7,3,2997,2291,261,288,1,157,19.5,10.4,0.8,91.4,66.66957,21.7286048338713,0,0,0,1,0,1,0,0,0,0,1,0,1,0
2020,7,6,2997,2479,126,220,626,172,22.0,0.0,0.3,92.8,71.06144,24.60980090790357,0,0,0,1,0,0,1,0,0,0,1,0,1,0
2020,7,7,2997,2526,77,242,575,152,24.6,0.0,1.0,84.9,74.76184599999999,26.792800000000007,0,0,0,1,0,0,0,0,1,0,1,0,1,0
2020,7,9,2997,2449,99,290,449,159,22.6,2.6,1.1,90.6,71.92104400000001,24.719780570461047,0,0,0,1,0,0,0,1,0,0,1,0,1,0
2020,7,13,2997,2506,118,225,632,148,19.3,121.1,0.6,98.9,66.687123,21.68915778246138,0,0,0,1,0,0,1,0,0,0,1,0,1,0
2020,7,14,2997,2550,80,224,561,143,20.2,7.9,1.0,96.3,68.149174,22.3136,0,0,0,1,0,0,0,0,1,0,1,0,1,0
2020,7,16,2997,2455,102,274,411,166,22.0,0.0,0.8,83.1,70.33588,24.238838588677893,0,0,0,1,0,0,0,1,0,0,1,0,1,0
2020,7,17,2997,2309,249,291,2,148,22.7,0.0,0.9,81.9,71.380687,24.898208642850207,0,0,0,1,0,1,0,0,0,0,1,0,1,0
2020,7,21,2997,2508,138,222,519,129,25.2,8.3,0.7,84.4,75.698912,27.48004896400198,0,0,0,1,0,0,0,0,1,0,1,0,1,0
2020,7,23,2997,2433,156,274,377,134,22.5,102.8,1.2,96.8,72.2448,24.58251429777316,0,0,0,1,0,0,0,1,0,0,1,0,1,0
2020,7,24,2997,2257,344,281,0,115,21.1,9.3,1.2,92.5,69.485825,23.14088272521324,0,0,0,1,0,1,0,0,0,0,1,0,1,0
2020,7,28,2997,2382,252,213,565,150,24.4,21.9,0.7,94.9,75.417344,26.68324409633504,0,0,0,1,0,0,0,0,1,0,1,0,1,0
2020,7,30,2997,2279,346,242,395,130,24.6,48.4,0.8,93.8,75.65665200000001,26.849481693676747,0,0,0,1,0,0,0,1,0,0,1,0,1,0
2020,7,31,2997,2115,496,261,0,125,26.2,0.0,0.8,88.3,77.79835399999999,28.45603129675296,0,0,0,1,0,1,0,0,0,0,1,0,1,0
2020,8,3,2989,2225,494,155,446,115,27.2,0.0,1.2,84.9,79.053172,29.42227743422434,0,0,0,1,0,0,1,0,0,0,1,0,1,0
2020,8,4,2989,2238,464,172,463,115,27.4,0.0,1.0,85.8,79.498708,29.6432,0,0,0,1,0,0,0,0,1,0,1,0,1,0
2020,8,5,2989,2202,490,182,7,115,27.1,26.6,1.1,90.4,79.57721599999999,29.328198243930345,0,0,0,1,0,0,0,0,0,1,1,0,1,0
2020,8,6,2989,2180,482,218,364,109,26.9,11.8,1.6,89.3,79.100583,29.079205620729454,0,0,0,1,0,0,0,1,0,0,1,0,1,0
2020,8,7,2989,2003,605,239,1,142,25.4,90.3,0.8,95.0,77.1777,27.65275649521485,0,0,0,1,0,1,0,0,0,0,1,0,1,0
2020,8,10,2989,2227,476,191,548,95,25.8,68.9,1.2,95.3,77.91162600000001,27.980645861664414,0,0,0,1,0,0,1,0,0,0,1,0,1,0
2020,8,11,2989,2243,456,188,465,102,26.5,21.9,1.2,89.8,78.48263,28.70146164794438,0,0,0,1,0,0,0,0,1,0,1,0,1,0
2020,8,12,2989,2216,449,213,12,111,27.8,1.8,1.0,88.6,80.532692,30.050400000000003,0,0,0,1,0,0,0,0,0,1,1,0,1,0
2020,8,20,2989,2242,390,232,477,125,28.4,0.0,0.8,77.4,79.99758399999999,30.66503700098276,0,0,0,1,0,0,0,1,0,0,1,0,1,0
2020,8,21,2989,2094,497,249,0,149,27.5,0.0,0.9,80.8,79.0184,29.752794015374413,0,0,0,1,0,1,0,0,0,0,1,0,1,0
2020,8,24,2989,2253,302,185,683,249,27.1,0.0,0.8,79.1,78.161439,29.35971544848333,0,0,0,1,0,0,1,0,0,0,1,0,1,0
2020,8,25,2989,2295,219,190,757,285,28.0,0.0,1.0,77.8,79.42076,30.254,0,0,0,1,0,0,0,0,1,0,1,0,1,0
2020,8,27,2989,2257,205,211,575,316,27.3,14.6,1.4,88.8,79.714576,29.511225056520985,0,0,0,1,0,0,0,1,0,0,1,0,1,0
2020,8,31,2989,2179,183,163,648,464,26.6,2.2,1.1,81.9,77.701846,28.81615183576709,0,0,0,1,0,0,1,0,0,0,1,0,1,0
2020,9,1,3132,2421,73,111,630,527,26.0,0.0,0.8,79.6,76.46624,28.25521259636844,0,1,0,0,0,0,0,0,1,0,1,0,1,0
2020,9,3,3132,2307,119,195,531,511,25.8,50.5,3.9,66.6,74.685172,27.736983279488875,0,1,0,0,0,0,0,1,0,0,1,0,1,0
2020,9,4,3132,2241,208,221,3,462,22.6,0.0,0.9,81.3,71.170162,24.79707144758928,0,1,0,0,0,1,0,0,0,0,1,0,1,0
2020,9,7,3132,2408,122,163,774,439,22.2,49.9,3.3,81.1,70.508858,23.80911749591608,0,1,0,0,0,0,1,0,0,0,1,0,1,0
2020,9,9,3132,2426,102,180,3,424,22.5,10.8,0.9,85.6,71.35159999999999,24.69593425232836,0,1,0,0,0,0,0,0,0,1,1,0,1,0
2020,9,10,3132,2376,106,220,600,430,22.9,10.5,0.6,82.9,71.78855899999999,25.24193371857915,0,1,0,0,0,0,0,1,0,0,1,0,1,0
2020,9,14,3132,2474,102,188,725,368,22.1,0.0,0.6,83.0,70.49157,24.452427954997425,0,1,0,0,0,0,1,0,0,0,1,0,0,1
2020,9,16,3132,2470,72,229,0,361,21.4,1.8,0.4,91.6,69.941576,23.928603035953007,0,1,0,0,0,0,0,0,0,1,1,0,1,0
2020,9,17,3132,2435,84,245,588,368,20.6,3.7,0.3,92.6,68.62904400000001,23.281864181034383,0,1,0,0,0,0,0,1,0,0,1,0,1,0
2020,9,18,3132,2300,241,281,1,310,18.9,1.1,0.6,87.6,65.473036,21.29440490067051,0,1,0,0,0,1,0,0,0,0,1,0,1,0
2020,9,21,3132,2463,105,210,742,354,17.5,0.0,0.8,71.1,62.625775,19.72041783002604,0,1,0,0,0,0,1,0,0,0,1,0,0,1
2020,9,22,3132,2467,99,224,600,342,17.6,0.0,1.0,75.6,62.917744,19.6668,0,1,0,0,0,0,0,0,1,0,1,0,1,0
2020,9,23,3132,2465,88,234,1,345,19.1,0.0,1.1,70.5,65.02034499999999,21.13545571331825,0,1,0,0,0,0,0,0,0,1,1,0,1,0
2020,9,25,3132,2343,237,287,1,265,19.9,0.0,0.9,74.6,66.44814600000001,22.06636717554441,0,1,0,0,0,1,0,0,0,0,1,0,1,0
2020,10,5,3008,2494,91,131,825,292,15.9,0.0,1.8,52.1,59.929761,17.436675574519267,0,1,0,0,0,0,1,0,0,0,1,0,0,1
2020,10,6,3008,2482,64,183,804,279,15.1,0.0,0.8,62.1,58.934029,17.310593425411707,0,1,0,0,0,0,0,0,1,0,1,0,0,1
2020,10,7,3008,2430,54,232,6,292,17.4,0.0,1.2,60.5,62.16423,19.33085642630486,0,1,0,0,0,0,0,0,0,1,1,0,1,0
2020,10,8,3008,2446,88,225,734,249,18.2,0.0,2.4,57.0,63.16126,19.653049375995906,0,1,0,0,0,0,0,1,0,0,0,1,1,0
2020,10,12,3008,2467,105,215,555,221,17.2,0.0,0.8,73.0,62.22344,19.41918977944924,0,1,0,0,0,0,1,0,0,0,1,0,1,0
2020,10,13,3008,2500,72,248,534,188,14.2,0.0,0.8,63.1,57.649298,16.406909273681336,0,1,0,0,0,0,0,0,1,0,1,0,1,0
2020,10,14,3008,2502,68,267,3,171,13.4,0.0,0.7,63.5,56.49741,15.727177165914656,0,1,0,0,0,0,0,0,0,1,1,0,1,0
2020,10,16,3008,2378,180,270,4,180,12.1,0.0,0.4,73.6,54.392744,14.964046817340543,0,1,0,0,0,1,0,0,0,0,1,0,0,1
2020,10,19,3008,2519,143,211,588,135,12.8,0.0,0.6,69.4,55.538168,15.274423453359844,0,1,0,0,0,0,1,0,0,0,1,0,1,0
2020,10,20,3008,2539,84,241,518,144,12.8,0.0,0.6,68.9,55.546308,15.274423453359844,0,1,0,0,0,0,0,0,1,0,1,0,0,1
2020,10,21,3008,2502,107,239,6,160,13.4,27.6,0.4,85.0,56.2751,16.217156826393904,0,1,0,0,0,0,0,0,0,1,1,0,1,0
2020,10,26,3008,2480,156,228,570,144,11.4,0.0,0.5,74.0,53.30364,14.074267766650484,0,1,0,0,0,0,1,0,0,0,1,0,1,0
2020,10,27,3008,2502,105,265,496,136,11.7,0.0,0.4,73.8,53.771854,14.578474506862593,0,1,0,0,0,0,0,0,1,0,1,0,1,0
2020,10,28,3008,2478,105,287,3,138,12.7,0.0,0.4,80.9,55.189857,15.54240528305748,0,1,0,0,0,0,0,0,0,1,1,0,1,0
2020,10,29,3008,2442,131,298,418,137,10.5,0.0,0.6,65.0,52.26675,13.004594383062374,0,1,0,0,0,0,0,1,0,0,1,0,1,0
2020,11,3,3021,2544,100,270,530,107,7.3,0.0,2.0,57.0,48.18139,8.187326996911995,0,1,0,0,0,0,0,0,1,0,1,0,1,0
2020,11,4,3021,2503,112,283,1,123,5.3,0.0,0.6,64.6,44.744762,7.872806919781144,0,1,0,0,0,0,0,0,0,1,1,0,1,0
2020,11,5,3021,2485,114,306,464,116,7.5,0.0,0.4,63.5,48.009375,10.529965246844062,0,1,0,0,0,0,0,1,0,0,1,0,0,1
2020,11,6,3021,2331,266,305,1,119,11.0,0.0,0.4,74.4,52.67296,13.90372296352617,0,1,0,0,0,1,0,0,0,0,1,0,1,0
2020,11,9,3021,2505,144,241,691,131,8.0,0.0,1.7,42.9,50.04298,9.167585330621682,0,1,0,0,0,0,1,0,0,0,1,0,1,0
2020,11,10,3021,2504,104,289,526,124,7.8,0.0,0.7,56.8,48.881696,10.149543092246098,0,1,0,0,0,0,0,0,1,0,1,0,1,0
2020,11,12,3021,2483,125,308,464,105,7.5,0.0,0.5,72.5,47.390625,10.266395748221012,0,1,0,0,0,0,0,1,0,0,1,0,1,0
2020,11,13,3021,2296,317,292,0,116,8.4,0.0,0.4,74.4,48.651904,11.397502945419465,0,1,0,0,0,1,0,0,0,0,1,0,1,0
2020,11,16,3021,2512,164,217,733,128,11.3,0.0,0.5,73.4,53.168058,13.976630022588187,0,1,0,0,0,0,1,0,0,0,1,0,1,0
2020,11,17,3021,2516,112,274,691,119,15.1,0.0,0.5,77.3,59.032677,17.686864296955363,0,1,0,0,0,0,0,0,1,0,1,0,1,0
2020,11,18,3021,2523,93,282,0,123,18.2,1.9,0.9,86.5,64.25807,20.34703485610876,0,1,0,0,0,0,0,0,0,1,1,0,1,0
2020,11,19,3021,2490,144,277,541,110,19.3,20.4,2.0,84.3,65.98530099999999,20.96137919985962,0,1,0,0,0,0,0,1,0,0,1,0,1,0
2020,11,20,3021,2239,343,292,0,147,9.7,0.0,1.0,71.3,50.808039,11.6246,0,1,0,0,0,1,0,0,0,0,1,0,1,0
2020,11,23,3021,2354,198,208,899,261,6.0,0.0,1.1,59.0,46.2276,7.719839819440967,0,1,0,0,0,0,1,0,0,0,1,0,1,0
2020,11,25,3021,2237,206,191,3,387,7.0,0.0,0.7,59.6,47.57748,9.352738224579165,0,1,0,0,0,0,0,0,0,1,1,0,1,0
2020,12,2,2990,2212,223,157,5,398,3.0,0.0,0.4,52.4,42.79308,6.1922767539670645,0,0,0,0,1,0,0,0,0,1,1,0,1,0
2020,12,3,2990,2168,242,219,667,361,3.7,0.0,1.4,54.5,43.499835,4.968857434652083,0,0,0,0,1,0,0,1,0,0,1,0,0,1
2020,12,4,2990,2038,427,233,3,292,2.1,0.0,0.8,48.0,42.13492,4.2573779004174455,0,0,0,0,1,1,0,0,0,0,1,0,1,0
2020,12,7,2990,2255,211,185,941,339,2.9,0.0,0.4,77.6,39.780096,6.095883676347577,0,0,0,0,1,0,1,0,0,0,1,0,1,0
2020,12,8,2990,2259,172,182,852,377,2.3,0.0,0.6,61.9,40.720763,4.912160306349667,0,0,0,0,1,0,0,0,1,0,1,0,1,0
2020,12,9,2990,2181,199,191,2,419,0.8,0.0,0.5,63.0,38.43796,3.724666896047305,0,0,0,0,1,0,0,0,0,1,1,0,1,0
2020,12,11,2990,2072,398,228,0,292,4.8,0.0,0.4,73.3,43.189316000000005,7.927352151117866,0,0,0,0,1,1,0,0,0,0,1,0,1,0
2020,12,14,2990,2291,221,142,892,336,-1.1,0.0,2.5,33.8,40.207518,-1.2339705448327352,0,0,0,0,1,0,1,0,0,0,1,0,1,0
2020,12,15,2990,2208,203,179,814,400,-2.6,0.0,1.8,39.5,37.52877,-2.1196544111701456,0,0,0,0,1,0,0,0,1,0,1,0,0,1
2020,12,16,2990,2249,195,187,1,359,-2.7,0.0,1.5,51.4,35.388878,-1.8324280638493404,0,0,0,0,1,0,0,0,0,1,1,0,1,0
2020,12,17,2990,2246,226,184,653,334,-2.2,0.0,0.8,58.8,34.828936,-0.0602241578498866,0,0,0,0,1,0,0,1,0,0,1,0,0,1
2020,12,18,2990,2084,403,196,1,307,0.2,0.0,0.9,59.3,38.099514,2.1423397091429544,0,0,0,0,1,1,0,0,0,0,1,0,1,0
2020,12,21,2990,2250,248,153,526,339,-1.3,0.0,0.4,68.4,34.585492,2.047374416329046,0,0,0,0,1,0,1,0,0,0,1,0,0,1
2020,12,22,2990,2219,270,171,362,330,-0.7,0.0,0.4,76.3,34.293341,2.625732882045978,0,0,0,0,1,0,0,0,1,0,1,0,1,0
2020,12,23,2990,2071,402,193,5,324,0.4,0.0,0.4,78.4,35.723264,3.686056735860356,0,0,0,0,1,0,0,0,0,1,1,0,1,0
2020,12,24,2990,1780,777,160,24,273,4.3,0.0,1.2,58.3,43.927931,5.841303854494123,0,0,0,0,1,0,0,1,0,0,0,1,0,1
2021,1,4,2983,2460,92,91,490,340,-1.5,0.0,0.4,60.5,35.535075,1.8545882610900684,0,0,0,0,1,0,1,0,0,0,1,0,1,0
2021,1,5,2983,2338,99,156,500,390,-0.4,0.0,1.2,51.9,38.348776,1.0015407180429443,0,0,0,0,1,0,0,0,1,0,1,0,0,1
2021,1,7,2983,2282,98,182,413,421,-6.9,0.0,2.7,41.6,31.920504,-7.703855023063218,0,0,0,0,1,0,0,1,0,0,1,0,0,1
2021,1,8,2983,2137,255,218,0,373,-9.1,0.0,1.0,48.0,27.74068,-7.513800000000001,0,0,0,0,1,1,0,0,0,0,1,0,1,0
2021,1,11,2983,2351,105,158,517,369,-3.3,0.0,0.4,69.1,31.488203,0.1195128639392693,0,0,0,0,1,0,1,0,0,0,1,0,1,0
2021,1,12,2983,2328,83,168,433,404,-1.9,0.0,0.8,66.6,33.984454,0.2410038927269047,0,0,0,0,1,0,0,0,1,0,1,0,1,0
2021,1,13,2983,2335,80,175,8,393,3.4,0.0,1.3,67.4,41.684484,4.781542809501451,0,0,0,0,1,0,0,0,0,1,1,0,1,0
2021,1,14,2983,2318,90,205,428,370,3.3,0.0,0.5,69.9,41.260933,6.165610497604659,0,0,0,0,1,0,0,1,0,0,1,0,1,0
2021,1,15,2983,2193,229,222,0,339,7.5,0.0,1.2,74.8,47.2325,9.136461734631098,0,0,0,0,1,1,0,0,0,0,1,0,1,0
2021,1,18,2983,2396,67,163,509,357,-0.8,0.2,1.9,60.1,36.581708,-0.3284310787546616,0,0,0,0,1,0,1,0,0,0,1,0,1,0
2021,1,19,2983,2373,62,176,508,372,-1.9,0.0,0.8,44.0,37.641360000000006,0.2410038927269047,0,0,0,0,1,0,0,0,1,0,1,0,1,0
2021,1,20,2983,2319,75,198,4,391,-0.4,0.0,0.5,64.0,36.57056,2.5530139672997767,0,0,0,0,1,0,0,0,0,1,1,0,1,0
2021,1,22,2983,2177,255,248,1,303,7.0,1.2,0.5,97.5,44.78425,9.778207027909543,0,0,0,0,1,1,0,0,0,0,1,0,1,0
2021,1,25,2983,2396,107,153,616,327,6.3,0.0,1.0,75.8,45.291246,8.163400000000001,0,0,0,0,1,0,1,0,0,0,1,0,1,0
2021,1,26,2983,2369,69,183,551,362,4.7,10.3,0.6,94.5,40.990585,7.280677597094847,0,0,0,0,1,0,0,0,1,0,1,0,0,1
