dinner_number
331
573
525
330
598
672
523
588
489
597
645
610
514
531
585
344
631
673
625
609
525
591
548
521
605
585
507
526
591
614
555
492
524
542
536
500
562
449
504
531
557
528
568
508
507
636
591
423
517
594
633
456
529
487
613
465
520
493
535
490
548
629
500
506
509
593
535
524
645
467
588
475
609
535
446
513
582
551
484
534
630
519
483
550
503
596
424
446
501
582
423
434
472
510
515
456
448
480
470
451
530
410
574
532
563
508
568
514
460
554
560
548
485
662
627
603
533
562
710
550
591
902
905
352
554
546
522
527
667
544
527
544
564
442
410
454
540
540
553
497
506
512
499
513
539
418
463
551
616
482
498
392
623
587
593
482
499
518
482
461
494
213
398
328
0
275
364
427
531
523
620
514
533
571
394
499
509
396
0
147
680
549
582
768
583
689
566
505
494
559
534
463
563
593
578
658
545
519
461
596
533
486
504
429
647
0
557
501
504
474
391
436
431
541
535
384
521
402
567
408
511
353
531
510
0
442
362
298
262
308
500
501
505
533
459
545
387
456
462
555
579
505
480
306
549
552
540
408
443
489
508
451
441
539
575
0
451
370
501
432
501
472
527
444
414
461
485
500
457
429
410
514
0
486
459
509
337
401
354
497
445
438
393
275
433
507
604
537
489
354
514
609
395
0
581
518
503
455
494
510
540
476
437
454
552
567
411
546
490
592
0
473
0
613
626
497
555
490
514
416
538
439
0
405
327
503
406
451
397
414
397
547
437
332
569
486
424
433
378
517
0
381
571
414
509
407
536
641
430
426
345
396
380
176
245
432
435
509
554
349
423
430
480
466
472
492
488
274
513
418
689
689
0
620
673
540
543
518
541
552
0
657
609
522
578
522
585
438
687
671
553
580
663
639
489
559
571
454
0
523
466
586
519
569
522
540
535
444
599
456
499
569
587
0
483
535
440
625
413
445
536
620
472
473
399
234
494
432
594
552
0
525
395
564
526
475
458
557
441
464
442
485
537
448
537
583
449
371
528
488
509
389
519
524
487
394
529
451
407
554
394
515
526
0
484
388
395
367
534
421
509
467
465
488
482
563
629
577
560
593
556
604
467
535
570
435
571
375
522
597
0
468
247
442
751
467
570
422
532
498
446
469
370
596
449
0
483
434
542
540
379
454
468
391
540
435
442
485
411
363
476
529
454
544
617
414
515
353
597
569
354
475
411
421
390
373
456
104
0
251
406
135
407
494
482
417
335
475
430
573
569
356
515
386
579
564
520
431
171
553
532
772
450
678
472
620
478
645
0
658
646
443
637
542
530
619
627
412
470
466
402
411
462
607
590
350
524
647
607
528
412
494
567
0
500
392
564
430
423
420
590
423
531
438
507
368
521
362
516
405
509
328
550
0
527
378
572
486
568
555
520
373
534
491
420
419
540
472
373
504
565
371
465
472
326
475
385
477
274
367
516
370
457
0
463
274
304
482
401
527
519
421
313
530
534
423
514
393
547
0
550
385
609
557
349
612
541
123
687
640
480
415
595
570
474
368
743
755
521
546
312
601
550
345
561
446
419
409
304
436
517
0
475
317
475
321
460
328
466
527
529
386
442
609
511
0
460
566
483
315
521
327
472
278
321
353
124
221
132
0
344
389
321
474
272
350
457
344
439
478
354
639
0
497
368
495
304
633
668
411
575
649
630
542
380
767
0
673
414
771
598
462
630
379
640
575
487
630
520
383
358
754
526
645
377
625
601
655
634
445
302
564
500
305
594
542
309
570
482
123
495
462
599
403
265
573
440
445
291
339
361
235
434
374
251
449
320
343
441
269
454
472
401
489
342
379
237
467
380
237
396
426
231
440
446
337
373
261
520
342
337
433
240
608
632
522
649
497
445
341
603
374
514
547
362
504
256
616
384
412
230
595
545
547
345
466
420
382
436
457
372
336
444
392
293
388
356
334
422
276
430
335
319
226
478
406
305
486
220
730
0
523
466
197
742
679
384
334
666
633
450
438
274
327
319
354
131
598
484
342
250
451
317
360
439
277
460
414
421
217
502
480
