year,month,date,worker_number,real_number,vacation_number,biztrip_number,overtime_number,telecom_number,temperature,rain,wind,humidity,discomfort_index,perceived_temperature,lunch_rice,season_fall,season_spring,season_summer,season_winter,weekdays_friday,weekdays_monday,weekdays_thursday,weekdays_tuesday,weekdays_wednesday,vacation_N,vacation_Y,new_lunch_N,new_lunch_Y
2016,2,1,2601,2401,50,150,238,0,-0.6,0.0,1.3,43.9,39.275534,0.6415480875294988,0,0,0,0,1,0,1,0,0,0,1,0,1,0
2016,2,2,2601,2378,50,173,319,0,-2.3,0.0,0.8,47.5,36.562925,-0.1606335080421509,0,0,0,0,1,0,0,0,1,0,1,0,1,0
2016,2,3,2601,2365,56,180,111,0,-1.7,0.0,0.6,57.1,35.796707,0.964631488441028,0,0,0,0,1,0,0,0,0,1,1,0,1,0
2016,2,5,2601,2142,278,181,34,0,1.3,0.0,1.0,44.4,41.575228,3.0734,0,0,0,0,1,1,0,0,0,0,0,1,1,0
2016,2,11,2601,2075,383,143,417,0,6.1,0.0,1.0,57.1,46.523969,7.959799999999999,0,0,0,0,1,0,0,1,0,0,1,0,1,0
2016,2,16,2601,2293,72,236,526,0,0.2,0.0,1.8,59.6,38.057208,0.8402225596369,0,0,0,0,1,0,0,0,1,0,1,0,1,0
2016,2,17,2601,2273,78,250,23,0,1.7,0.0,1.1,49.8,41.393734,3.3162407092369697,0,0,0,0,1,0,0,0,0,1,1,0,1,0
2016,2,19,2601,2204,145,252,69,0,5.0,0.0,0.9,58.9,44.84285,6.996925081667167,0,0,0,0,1,1,0,0,0,0,1,0,1,0
2016,2,22,2601,2304,90,207,434,0,3.4,0.0,0.7,45.5,44.07903,5.767116320077945,0,0,0,0,1,0,1,0,0,0,1,0,1,0
2016,2,23,2601,2307,57,237,488,0,5.5,0.0,1.8,39.5,47.257275,6.442846825807379,0,0,0,0,1,0,0,0,1,0,1,0,1,0
2016,2,24,2601,2315,54,232,14,0,1.4,0.0,1.6,29.9,43.572714000000005,2.3305522511211247,0,0,0,0,1,0,0,0,0,1,1,0,1,0
2016,2,25,2601,2284,56,261,335,0,0.8,0.0,1.7,32.8,42.517376,1.5850250234563696,0,0,0,0,1,0,0,1,0,0,1,0,1,0
2016,2,26,2601,2179,144,278,42,0,1.8,0.0,0.9,61.0,40.12202,3.760534833317693,0,0,0,0,1,1,0,0,0,0,1,0,1,0
2016,2,29,2601,1838,595,168,110,0,-0.2,0.0,2.7,43.8,39.787876,-0.4256789073723097,0,0,0,0,1,0,1,0,0,0,0,1,1,0
2016,3,2,2624,2315,127,182,261,0,3.8,0.0,1.3,49.6,44.151152,5.195542281698645,0,0,1,0,0,0,0,0,0,1,1,0,1,0
2016,3,3,2624,2339,61,224,351,0,6.7,0.0,1.1,61.9,46.981127,8.436704790869525,0,0,1,0,0,0,0,1,0,0,1,0,1,0
2016,3,4,2624,2294,83,247,79,0,8.2,36.1,0.8,88.4,47.477112,10.382348262145523,0,0,1,0,0,1,0,0,0,0,1,0,1,0
2016,3,7,2624,2379,50,195,456,0,11.0,0.0,1.1,67.8,52.89802,12.840303901073518,0,0,1,0,0,0,1,0,0,0,1,0,1,0
2016,3,8,2624,2365,47,212,426,0,8.0,3.3,1.3,65.1,48.62662,9.542536739769194,0,0,1,0,0,0,0,0,1,0,1,0,1,0
2016,3,10,2624,2324,55,245,290,0,3.0,0.0,2.1,33.0,44.9911,3.5208162821164457,0,0,1,0,0,0,0,1,0,0,1,0,1,0
2016,3,11,2624,2241,108,275,76,0,2.0,0.0,1.5,34.1,43.71888,3.077076404874828,0,0,1,0,0,1,0,0,0,0,1,0,1,0
2016,3,15,2624,2355,38,231,399,0,5.9,0.0,1.0,49.1,46.925631,7.7562000000000015,0,0,1,0,0,0,0,0,1,0,1,0,1,0
2016,3,16,2624,2361,50,213,0,0,8.4,0.0,1.2,53.1,49.926496,10.063224888419624,0,0,1,0,0,0,0,0,0,1,1,0,1,0
2016,3,17,2624,2330,52,242,327,0,9.3,0.0,1.1,55.3,51.016571,11.099346113318452,0,0,1,0,0,0,0,1,0,0,1,0,1,0
2016,3,18,2624,2229,118,277,57,0,9.8,27.6,0.5,89.3,50.131986,12.512063861653775,0,0,1,0,0,1,0,0,0,0,1,0,1,0
2016,3,21,2624,2354,65,205,329,0,9.3,0.0,1.1,62.5,50.649875,11.099346113318452,0,0,1,0,0,0,1,0,0,0,1,0,1,0
2016,3,22,2624,2375,41,208,378,0,9.6,0.0,1.0,64.5,50.98258,11.522799999999998,0,0,1,0,0,0,0,0,1,0,1,0,1,0
2016,3,24,2624,2320,53,251,293,0,8.3,0.0,2.0,45.6,50.249152,9.25183134715763,0,0,1,0,0,0,0,1,0,0,1,0,1,0
2016,3,29,2624,2327,52,245,259,0,10.7,0.0,1.8,60.0,52.7428,11.93976120016332,0,0,1,0,0,0,0,0,1,0,1,0,1,0
2016,3,30,2624,2346,48,230,0,0,13.8,0.0,1.3,53.6,57.136032,15.545529086628523,0,0,1,0,0,0,0,0,0,1,1,0,1,0
2016,4,4,2643,2360,62,221,367,0,11.2,2.6,1.0,81.9,52.741372,13.151600000000002,0,0,1,0,0,0,1,0,0,0,1,0,1,0
2016,4,6,2643,2357,37,249,0,0,11.8,26.1,1.0,64.9,54.158918,13.762400000000005,0,0,1,0,0,0,0,0,0,1,1,0,1,0
2016,4,7,2643,2338,47,258,339,0,12.2,28.7,0.7,82.5,54.34885,14.531969864414252,0,0,1,0,0,0,0,1,0,0,1,0,1,0
2016,4,8,2643,2273,87,283,64,0,15.0,0.0,1.0,60.3,58.78165,17.020000000000003,0,0,1,0,0,1,0,0,0,0,1,0,1,0
2016,4,11,2643,2358,82,203,392,0,10.8,0.0,1.7,66.0,52.66672,12.116358783408192,0,0,1,0,0,0,1,0,0,0,1,0,1,0
2016,4,12,2643,2342,76,225,239,0,11.5,3.1,1.2,58.6,53.90681,13.255409084802316,0,0,1,0,0,0,0,0,1,0,0,1,1,0
2016,4,14,2643,2285,106,252,326,0,17.1,0.0,1.3,57.6,61.665304000000006,18.961024732255385,0,0,1,0,0,0,0,1,0,0,1,0,1,0
2016,4,18,2643,2337,81,225,330,0,14.4,0.0,1.7,43.0,57.94508,15.90763893699085,0,0,1,0,0,0,1,0,0,0,1,0,1,0
2016,4,19,2643,2360,44,239,387,0,13.5,0.0,1.8,46.5,56.800225,14.899638170970368,0,0,1,0,0,0,0,0,1,0,1,0,1,0
2016,4,20,2643,2334,47,262,0,0,13.5,0.0,1.2,58.8,56.68522,15.314882759887922,0,0,1,0,0,0,0,0,0,1,1,0,1,0
2016,4,21,2643,2313,66,264,312,0,13.8,33.2,0.7,89.0,56.91018,16.125579599748125,0,0,1,0,0,0,0,1,0,0,1,0,1,0
2016,4,22,2643,2218,150,275,86,0,17.0,0.0,1.3,70.9,61.86377,18.857524864206084,0,0,1,0,0,1,0,0,0,0,1,0,1,0
2016,4,25,2643,2346,96,201,281,0,15.4,0.0,1.1,51.6,59.262136,17.346312292910167,0,0,1,0,0,0,1,0,0,0,1,0,1,0
2016,4,27,2643,2338,71,234,0,0,11.4,42.9,1.9,84.5,52.98717,12.614347915124108,0,0,1,0,0,0,0,0,0,1,1,0,1,0
2016,4,28,2643,2318,56,269,196,0,14.1,5.0,0.9,77.1,57.458089,16.20040985041099,0,0,1,0,0,0,0,1,0,0,1,0,1,0
2016,4,29,2643,2222,139,282,28,0,15.0,0.0,1.3,63.3,58.79815,16.78752750322011,0,0,1,0,0,1,0,0,0,0,1,0,1,0
2016,5,3,2635,2319,65,251,292,0,16.6,80.6,4.4,66.6,61.167244,17.367920921512425,0,0,1,0,0,0,0,0,1,0,1,0,1,0
2016,5,4,2635,2241,150,244,0,0,17.8,0.0,4.2,32.4,61.794328,18.757336354998326,0,0,1,0,0,0,0,0,0,1,0,1,1,0
2016,5,9,2635,2301,101,233,344,0,17.6,0.0,0.8,54.9,62.271076,19.82082718021829,0,0,1,0,0,0,1,0,0,0,1,0,1,0
2016,5,10,2635,2330,53,252,350,0,14.4,31.3,1.0,86.0,57.92616,16.409200000000002,0,0,1,0,0,0,0,0,1,0,1,0,1,0
2016,5,11,2635,2309,60,266,0,0,15.8,0.1,1.1,72.3,60.068266,17.755949419440775,0,0,1,0,0,0,0,0,0,1,1,0,1,0
2016,5,12,2635,2290,71,274,315,0,17.6,0.0,1.5,63.4,62.536616,19.372452939363555,0,0,1,0,0,0,0,1,0,0,1,0,1,0
2016,5,16,2635,2320,99,216,368,0,15.1,6.0,1.8,58.1,58.908069,16.590996440002964,0,0,1,0,0,0,1,0,0,0,1,0,1,0
2016,5,17,2635,2340,41,254,377,0,16.4,0.0,1.0,53.8,60.625568,18.4452,0,0,1,0,0,0,0,0,1,0,1,0,1,0
2016,5,19,2635,2304,65,266,264,0,19.0,0.0,0.9,58.6,64.33286000000001,21.156132418196123,0,0,1,0,0,0,0,1,0,0,1,0,1,0
2016,5,23,2635,2344,88,203,362,0,19.8,0.0,1.1,56.8,65.349536,21.85232068474681,0,0,1,0,0,0,1,0,0,0,1,0,1,0
2016,5,24,2635,2327,74,234,310,0,18.7,25.6,1.1,86.5,65.09124499999999,20.72581858678765,0,0,1,0,0,0,0,0,1,0,1,0,1,0
2016,5,25,2635,2305,72,258,0,0,19.3,0.0,0.9,68.1,65.206567,21.459544003978888,0,0,1,0,0,0,0,0,0,1,1,0,1,0
2016,5,26,2635,2286,64,285,227,0,20.6,0.0,0.9,64.9,66.941006,22.774327542370862,0,0,1,0,0,0,0,1,0,0,1,0,1,0
2016,5,30,2635,2347,73,215,291,0,21.5,0.0,1.1,58.9,67.829165,23.593278472501883,0,0,1,0,0,0,1,0,0,0,1,0,1,0
2016,5,31,2635,2335,50,250,185,0,21.2,0.0,0.8,62.4,67.64531199999999,23.435563787139785,0,0,1,0,0,0,0,0,1,0,1,0,1,0
2016,6,1,2637,2317,75,245,0,0,20.4,0.0,1.4,57.4,66.208304,22.33570231961864,0,0,0,1,0,0,0,0,0,1,1,0,1,0
2016,6,8,2637,2339,58,240,0,0,21.2,0.0,0.9,80.0,68.82239999999999,23.381150713936385,0,0,0,1,0,0,0,0,0,1,1,0,1,0
2016,6,9,2637,2316,69,252,359,0,21.7,0.0,1.1,76.9,69.400727,23.798097035767185,0,0,0,1,0,0,0,1,0,0,1,0,1,0
2016,6,13,2637,2330,98,209,415,0,23.2,0.0,1.3,73.4,71.454312,25.27451668326261,0,0,0,1,0,0,1,0,0,0,1,0,1,0
2016,6,14,2637,2340,56,241,432,0,23.0,0.0,1.6,70.4,70.89287999999999,24.98823510537759,0,0,0,1,0,0,0,0,1,0,1,0,1,0
2016,6,15,2637,2317,60,260,0,0,21.9,0.0,1.3,78.6,69.84046599999999,23.92901839862173,0,0,0,1,0,0,0,0,0,1,1,0,1,0
2016,6,16,2637,2301,73,263,336,0,23.8,0.0,1.4,65.6,71.653872,25.87146714649805,0,0,0,1,0,0,0,1,0,0,1,0,1,0
2016,6,17,2637,2181,165,291,60,0,22.4,0.0,1.2,62.9,69.398004,24.47954061401888,0,0,0,1,0,1,0,0,0,0,1,0,1,0
2016,6,20,2637,2279,101,257,344,0,22.8,5.2,1.0,84.6,71.76611199999999,24.9604,0,0,0,1,0,0,1,0,0,0,1,0,1,0
2016,6,22,2637,2332,47,258,0,0,21.5,11.8,0.7,88.3,69.882755,23.7948264510424,0,0,0,1,0,0,0,0,0,1,1,0,1,0
2016,6,23,2637,2313,53,271,346,0,23.7,0.0,1.1,71.6,72.05770799999999,25.84628266842021,0,0,0,1,0,0,0,1,0,0,1,0,1,0
2016,6,24,2637,2184,169,284,52,0,22.5,73.6,1.3,79.9,70.897025,24.55001760691752,0,0,0,1,0,1,0,0,0,0,1,0,1,0
2016,6,27,2637,2314,96,227,300,0,20.4,0.1,0.7,81.8,67.646928,22.69921975800036,0,0,0,1,0,0,1,0,0,0,1,0,1,0
2016,6,28,2637,2321,63,253,226,0,21.3,0.0,0.9,73.0,68.50751,23.48228790919731,0,0,0,1,0,0,0,0,1,0,1,0,1,0
2016,6,29,2637,2322,67,248,0,0,21.6,1.7,1.0,78.4,69.349856,23.738800000000005,0,0,0,1,0,0,0,0,0,1,1,0,1,0
2016,6,30,2637,2314,76,247,151,0,23.5,0.0,1.4,78.3,72.354595,25.55948789706752,0,0,0,1,0,0,0,1,0,0,1,0,1,0
2016,7,1,2643,2283,145,215,41,0,23.9,43.1,1.4,84.6,73.578406,25.975460229641563,0,0,0,1,0,1,0,0,0,0,1,0,1,0
2016,7,4,2643,2365,88,190,385,0,23.8,0.5,0.6,88.3,73.75634600000001,26.1301277026086,0,0,0,1,0,0,1,0,0,0,1,0,1,0
2016,7,5,2643,2362,55,226,376,0,26.5,0.1,1.8,80.9,77.420415,28.641924106860227,0,0,0,1,0,0,0,0,1,0,1,0,1,0
2016,7,6,2643,2363,56,224,0,0,26.4,9.3,1.5,78.6,76.987096,28.5647166254854,0,0,0,1,0,0,0,0,0,1,1,0,1,0
2016,7,7,2643,2341,64,238,340,0,25.9,0.0,1.0,78.1,76.136321,28.116200000000003,0,0,0,1,0,0,0,1,0,0,1,0,1,0
2016,7,8,2643,2228,155,260,60,0,25.5,0.0,1.3,74.9,75.152805,27.655013648396483,0,0,0,1,0,1,0,0,0,0,1,0,1,0
2016,7,11,2643,2312,121,210,366,0,24.4,2.2,0.8,84.9,74.43174400000001,26.648662993292213,0,0,0,1,0,0,1,0,0,0,1,0,1,0
2016,7,12,2643,2348,72,223,382,0,24.2,4.2,1.0,86.8,74.285144,26.385600000000004,0,0,0,1,0,0,0,0,1,0,1,0,1,0
2016,7,13,2643,2323,79,241,0,0,25.8,0.0,0.9,80.1,76.202842,28.033461695938755,0,0,0,1,0,0,0,0,0,1,1,0,1,0
2016,7,15,2643,2193,189,261,55,0,25.0,0.0,1.3,64.9,73.33205000000001,27.13751430814999,0,0,0,1,0,1,0,0,0,0,1,0,1,0
2016,7,18,2643,2309,126,208,343,0,24.3,0.0,0.9,72.6,73.06658200000001,26.51640376702494,0,0,0,1,0,0,1,0,0,0,1,0,1,0
2016,7,19,2643,2299,111,233,263,0,24.7,0.0,0.9,74.5,73.87098499999999,26.92095254806862,0,0,0,1,0,0,0,0,1,0,1,0,1,0
2016,7,20,2643,2281,124,238,0,0,24.5,0.0,0.9,67.8,72.89448999999999,26.718678157546783,0,0,0,1,0,0,0,0,0,1,1,0,1,0
2016,7,21,2643,2273,115,255,263,0,24.3,0.0,1.0,71.8,72.98852600000001,26.487400000000004,0,0,0,1,0,0,0,1,0,0,1,0,1,0
2016,7,25,2643,2186,277,180,247,0,28.0,28.4,1.2,76.4,79.23288,30.246066904258583,0,0,0,1,0,0,1,0,0,0,1,0,1,0
2016,7,26,2643,2198,260,185,269,0,28.0,0.0,1.4,74.5,78.9779,30.23917663852557,0,0,0,1,0,0,0,0,1,0,1,0,1,0
2016,7,27,2643,2152,299,192,0,0,28.6,0.0,1.5,71.6,79.500024,30.86278254701586,0,0,0,1,0,0,0,0,0,1,1,0,1,0
2016,7,28,2643,2099,340,204,197,0,28.7,0.0,1.6,73.6,79.934168,30.96734585858416,0,0,0,1,0,0,0,1,0,0,1,0,1,0
2016,7,29,2643,1950,486,207,36,0,28.6,0.0,1.4,74.6,79.920444,30.86313513738664,0,0,0,1,0,1,0,0,0,0,1,0,1,0
2016,8,1,2644,2023,512,109,238,0,26.8,1.6,1.0,73.9,77.047448,29.03240000000001,0,0,0,1,0,0,1,0,0,0,1,0,1,0
2016,8,2,2644,2017,460,167,268,0,25.9,10.2,1.0,78.9,76.227049,28.116200000000003,0,0,0,1,0,0,0,0,1,0,1,0,1,0
2016,8,3,2644,1976,485,183,0,0,26.1,0.5,0.9,78.3,76.476037,28.33687328172152,0,0,0,1,0,0,0,0,0,1,1,0,1,0
2016,8,4,2644,1977,467,200,262,0,27.1,0.0,1.2,73.6,77.47234399999999,29.319303750470063,0,0,0,1,0,0,0,1,0,0,1,0,1,0
2016,8,5,2644,1894,538,212,46,0,27.7,0.0,1.2,69.8,77.89685399999999,29.93714585299574,0,0,0,1,0,1,0,0,0,0,1,0,1,0
2016,8,8,2644,2043,421,180,255,0,27.5,0.4,1.0,73.0,78.01025,29.745000000000005,0,0,0,1,0,0,1,0,0,0,1,0,1,0
2016,8,10,2644,2045,411,188,0,0,29.1,0.0,1.1,67.0,79.59203,31.37638387658336,0,0,0,1,0,0,0,0,0,1,1,0,1,0
2016,8,11,2644,2029,413,202,295,0,29.9,0.0,1.0,67.1,80.78597099999999,32.1882,0,0,0,1,0,0,0,1,0,0,1,0,1,0
2016,8,16,2644,2115,352,177,351,0,27.1,0.0,0.8,76.0,77.77304000000001,29.35971544848333,0,0,0,1,0,0,0,0,1,0,1,0,1,0
2016,8,17,2644,2142,311,191,0,0,26.8,13.9,0.9,78.3,77.585656,29.04483364854797,0,0,0,1,0,0,0,0,0,1,1,0,1,0
2016,8,18,2644,2155,274,215,364,0,27.2,0.0,1.0,71.6,77.373648,29.4396,0,0,0,1,0,0,0,1,0,0,1,0,1,0
2016,8,22,2644,2370,115,159,458,0,28.4,0.2,1.2,65.3,78.32584800000001,30.657961639275705,0,0,0,1,0,0,1,0,0,0,1,0,1,0
2016,8,23,2644,2347,86,211,386,0,26.8,1.1,0.9,73.0,76.93736,29.04483364854797,0,0,0,1,0,0,0,0,1,0,1,0,1,0
2016,8,24,2644,2322,113,209,0,0,26.9,0.0,1.3,59.0,75.36429,29.104011801086664,0,0,0,1,0,0,0,0,0,1,1,0,1,0
2016,8,25,2644,2280,123,241,308,0,26.6,0.0,1.0,69.0,76.14946,28.828800000000008,0,0,0,1,0,0,0,1,0,0,1,0,1,0
2016,8,26,2644,2181,194,269,70,0,22.1,3.8,1.1,80.6,70.309674,24.20773416229779,0,0,0,1,0,1,0,0,0,0,1,0,1,0
2016,8,29,2644,2310,132,202,352,0,21.1,0.1,1.8,61.1,67.416879,22.93358994887521,0,0,0,1,0,0,1,0,0,0,1,0,1,0
2016,8,30,2644,2306,96,242,268,0,22.0,0.0,2.1,55.1,68.24148,23.812363410319943,0,0,0,1,0,0,0,0,1,0,1,0,1,0
2016,8,31,2644,2310,98,236,0,0,24.8,0.0,4.3,43.6,70.857872,26.59243789006944,0,0,0,1,0,0,0,0,0,1,1,0,1,0
2016,9,1,2769,2420,99,250,336,0,25.0,20.8,1.8,64.3,73.26935,27.056275729642163,0,1,0,0,0,0,0,1,0,0,1,0,1,0
2016,9,2,2769,2313,177,279,76,0,19.2,76.4,0.8,89.8,66.079784,21.42737678329452,0,1,0,0,0,1,0,0,0,0,1,0,1,0
2016,9,5,2769,2444,100,225,447,0,24.9,0.5,0.6,82.9,75.04997900000001,27.21569812753347,0,1,0,0,0,0,1,0,0,0,1,0,1,0
2016,9,6,2769,2457,59,253,477,0,24.2,0.0,0.7,81.4,73.763612,26.484042879418304,0,1,0,0,0,0,0,0,1,0,1,0,1,0
2016,9,7,2769,2463,65,241,0,0,23.6,0.0,0.6,79.5,72.62188,25.932751261713165,0,1,0,0,0,0,0,0,0,1,1,0,1,0
2016,9,8,2769,2445,69,255,438,0,23.3,0.0,0.8,68.1,71.143327,25.54416014117732,0,1,0,0,0,0,0,1,0,0,1,0,1,0
2016,9,9,2769,2344,137,288,86,0,23.1,0.0,0.8,74.0,71.35206,25.34334144079279,0,1,0,0,0,1,0,0,0,0,1,0,1,0
2016,9,12,2769,2265,328,176,306,0,20.3,8.5,0.7,84.9,67.664653,22.59961914954199,0,1,0,0,0,0,1,0,0,0,1,0,1,0
2016,9,13,2769,2150,511,108,52,0,21.8,0.0,0.9,74.6,69.390372,23.98797388550192,0,1,0,0,0,0,0,0,1,0,0,1,1,0
2016,9,19,2769,2422,167,180,550,0,20.7,0.0,2.3,62.5,66.937625,22.37178244326673,0,1,0,0,0,0,1,0,0,0,1,0,1,0
2016,9,21,2769,2465,58,246,0,0,18.0,0.0,1.0,68.4,63.28768,20.074000000000005,0,1,0,0,0,0,0,0,0,1,1,0,1,0
2016,9,23,2769,2326,165,278,99,0,19.8,0.0,0.8,74.1,66.266782,22.02983288444809,0,1,0,0,0,1,0,0,0,0,1,0,1,0
2016,9,27,2769,2480,56,233,380,0,24.1,0.0,0.8,82.0,73.65938,26.34743494271543,0,1,0,0,0,0,0,0,1,0,1,0,1,0
2016,9,28,2769,2494,50,225,0,0,22.0,16.7,0.5,90.0,70.852,24.42386863725365,0,1,0,0,0,0,0,0,0,1,1,0,1,0
2016,9,29,2769,2389,153,227,331,0,18.7,4.0,0.8,86.4,65.087032,20.9253300323332,0,1,0,0,0,0,0,1,0,0,1,0,1,0
2016,9,30,2769,2355,158,256,59,0,17.0,30.7,0.7,88.5,62.30905,19.31279907041587,0,1,0,0,0,1,0,0,0,0,0,1,1,0
2016,10,4,2670,2372,59,239,1035,0,21.8,1.9,1.3,72.1,69.20832200000001,23.82551853057243,0,1,0,0,0,0,0,0,1,0,1,0,1,0
2016,10,5,2670,2401,41,228,0,0,20.0,82.2,2.2,81.4,66.977,21.647471606726675,0,1,0,0,0,0,0,0,0,1,1,0,1,0
2016,10,10,2670,2350,104,216,443,0,14.4,0.0,0.8,69.9,57.933244,16.607727974065863,0,1,0,0,0,0,1,0,0,0,1,0,1,0
2016,10,13,2670,2342,66,262,612,0,15.2,0.0,0.3,79.1,59.203668,18.159822520253247,0,1,0,0,0,0,0,1,0,0,1,0,1,0
2016,10,14,2670,2261,144,265,172,0,14.8,0.0,0.5,72.1,58.541792,17.393951064768483,0,1,0,0,0,1,0,0,0,0,1,0,1,0
2016,10,17,2670,2322,107,241,425,0,18.0,0.0,0.6,84.3,63.84736,20.406210916641072,0,1,0,0,0,0,1,0,0,0,1,0,1,0
2016,10,19,2670,2331,72,267,0,0,16.7,0.0,0.4,79.6,61.604468,19.39812838783704,0,1,0,0,0,0,0,0,0,1,1,0,1,0
2016,10,20,2670,2296,105,269,281,0,16.2,0.0,0.6,78.1,60.779378,18.62982294858218,0,1,0,0,0,0,0,1,0,0,1,0,1,0
2016,10,21,2670,2162,228,280,62,0,16.5,0.0,1.1,70.3,61.095605,18.472814390869328,0,1,0,0,0,1,0,0,0,0,1,0,1,0
2016,10,24,2670,2327,120,223,367,0,14.8,0.0,1.1,63.4,58.511168,16.731856603114263,0,1,0,0,0,0,1,0,0,0,1,0,1,0
2016,10,25,2670,2338,73,259,345,0,14.9,3.5,0.7,82.6,58.741526,17.221186292790165,0,1,0,0,0,0,0,0,1,0,1,0,1,0
2016,10,26,2670,2323,89,258,0,0,13.9,0.0,0.6,77.6,57.140736,16.35999387828472,0,1,0,0,0,0,0,0,0,1,1,0,1,0
2016,10,27,2670,2304,94,272,240,0,14.2,0.0,0.9,70.6,57.631148,16.30154704567191,0,1,0,0,0,0,0,1,0,0,1,0,1,0
2016,10,28,2670,2201,192,277,63,0,14.0,10.7,1.0,81.4,57.28184,16.002,0,1,0,0,0,1,0,0,0,0,1,0,1,0
2016,10,31,2670,2313,134,223,255,0,7.9,0.7,0.5,80.9,47.457489,10.656946724470188,0,1,0,0,0,0,1,0,0,0,1,0,1,0
2016,11,2,2689,2385,73,231,0,0,5.5,0.0,1.1,56.3,45.769635,7.207793411277709,0,1,0,0,0,0,0,0,0,1,1,0,1,0
2016,11,7,2689,2334,133,222,539,0,12.4,0.0,0.7,71.9,54.888744,14.731171081330984,0,1,0,0,0,0,1,0,0,0,1,0,1,0
2016,11,8,2689,2379,60,250,503,0,11.1,0.0,1.5,54.8,53.476572,12.58271271665992,0,1,0,0,0,0,0,0,1,0,1,0,1,0
2016,11,10,2689,2349,73,267,385,0,9.2,0.0,0.9,64.3,50.413544,11.244687282625856,0,1,0,0,0,0,0,1,0,0,1,0,1,0
2016,11,11,2689,2230,173,286,69,0,9.0,0.0,0.7,69.5,49.84395,11.344750393746503,0,1,0,0,0,1,0,0,0,0,1,0,1,0
2016,11,14,2689,2370,92,227,461,0,14.3,4.0,0.6,90.4,57.753728,16.754746760075577,0,1,0,0,0,0,1,0,0,0,1,0,1,0
2016,11,15,2689,2350,66,273,418,0,11.3,0.0,1.0,56.0,53.70972,13.2534,0,1,0,0,0,0,0,0,1,0,1,0,1,0
2016,11,16,2689,2379,60,250,0,0,6.7,0.0,0.5,61.0,47.05013,9.48529379572266,0,1,0,0,0,0,0,0,0,1,1,0,1,0
2016,11,17,2689,2292,134,263,411,0,9.1,0.0,0.7,61.9,50.395871,11.44435100220487,0,1,0,0,0,0,0,1,0,0,1,0,1,0
2016,11,18,2689,2183,219,287,57,0,9.8,25.0,0.5,81.6,50.486032,12.512063861653775,0,1,0,0,0,1,0,0,0,0,1,0,1,0
2016,11,21,2689,2393,94,202,522,0,10.7,0.0,0.3,82.6,51.905018,13.891454469602294,0,1,0,0,0,0,1,0,0,0,1,0,1,0
2016,11,22,2689,2406,45,238,452,0,8.8,0.0,1.3,58.4,50.164608,10.370535684163585,0,1,0,0,0,0,0,0,1,0,1,0,1,0
2016,11,24,2689,2366,61,262,351,0,3.1,0.0,2.4,33.5,45.048615,3.3810210811007155,0,1,0,0,0,0,0,1,0,0,1,0,1,0
2016,11,25,2689,2210,200,279,68,0,3.2,0.0,0.8,50.3,43.292604,5.361880752532345,0,1,0,0,0,1,0,0,0,0,1,0,1,0
2016,11,29,2689,2387,84,218,388,0,3.7,0.0,1.0,56.0,43.34028,5.5166,0,1,0,0,0,0,0,0,1,0,1,0,1,0
2016,12,1,2705,2378,84,243,688,0,7.3,0.0,1.2,59.1,48.032857,8.930514367122536,0,0,0,0,1,0,0,1,0,0,1,0,1,0
2016,12,5,2705,2397,101,207,839,0,6.4,0.0,0.5,76.1,45.423396,9.192380563535776,0,0,0,0,1,0,1,0,0,0,1,0,1,0
2016,12,8,2705,2367,76,262,587,0,3.2,0.0,0.7,70.4,41.055072,5.567915103161209,0,0,0,0,1,0,0,1,0,0,1,0,1,0
2016,12,9,2705,2225,196,284,152,0,6.9,0.0,1.6,49.9,48.161969,8.099869644566057,0,0,0,0,1,1,0,0,0,0,1,0,1,0
2016,12,13,2705,2414,65,226,511,0,6.2,0.0,0.7,64.0,46.09832,8.555933356912222,0,0,0,0,1,0,0,0,1,0,1,0,1,0
2016,12,14,2705,2376,82,247,0,0,2.7,0.0,1.3,48.1,42.894413,4.057043733156359,0,0,0,0,1,0,0,0,0,1,1,0,1,0
2016,12,16,2705,2276,167,262,37,0,-1.2,0.0,1.1,35.8,39.783296,0.3463715418900883,0,0,0,0,1,1,0,0,0,0,1,0,1,0
2016,12,19,2705,2384,104,217,197,0,5.9,11.0,0.5,86.6,43.753506,8.704191843224308,0,0,0,0,1,0,1,0,0,0,1,0,1,0
2016,12,20,2705,2378,89,238,126,0,8.2,0.0,0.7,81.5,47.90367,10.547945526079566,0,0,0,0,1,0,0,0,1,0,1,0,1,0
2016,12,21,2705,2403,72,230,0,0,6.8,45.7,0.7,87.5,45.186,9.153537007662427,0,0,0,0,1,0,0,0,0,1,1,0,1,0
2016,12,22,2705,2345,118,242,32,0,11.5,11.0,2.8,65.1,53.717335,12.237383224645358,0,0,0,0,1,0,0,1,0,0,1,0,1,0
2016,12,23,2705,2119,343,243,7,0,4.1,0.0,1.8,49.4,44.561946,4.962908340403857,0,0,0,0,1,1,0,0,0,0,1,0,1,0
2016,12,26,2705,2305,206,194,63,0,5.7,15.3,0.7,86.0,43.47198,8.057930314620389,0,0,0,0,1,0,1,0,0,0,1,0,1,0
2016,12,27,2705,2342,127,236,51,0,3.7,1.0,2.2,47.8,44.212514,4.185089665067999,0,0,0,0,1,0,0,0,1,0,1,0,1,0
2016,12,28,2705,2314,166,225,0,0,-0.5,0.0,0.7,55.6,37.66898,1.8826925902016247,0,0,0,0,1,0,0,0,0,1,1,0,1,0
2016,12,30,2705,2049,529,127,3,0,-1.9,0.0,0.5,51.6,36.411604,1.0884478063653655,0,0,0,0,1,1,0,0,0,0,1,0,1,0
2017,1,2,2697,2499,96,102,272,0,4.4,0.0,0.5,72.8,42.624768,7.239625682289894,0,0,0,0,1,0,1,0,0,0,1,0,1,0
2017,1,3,2697,2478,61,158,259,0,2.5,0.0,0.4,68.4,40.2367,5.710311365869622,0,0,0,0,1,0,0,0,1,0,1,0,1,0
2017,1,6,2697,2284,189,224,74,0,5.7,0.0,1.2,60.5,45.679515,7.28293542705405,0,0,0,0,1,1,0,0,0,0,1,0,1,0
2017,1,10,2697,2428,70,199,412,0,0.8,0.0,1.1,55.8,39.410536,2.39455717454311,0,0,0,0,1,0,0,0,1,0,1,0,1,0
2017,1,11,2697,2417,57,223,0,0,-0.1,0.0,1.4,33.0,41.46733,1.0171202751986157,0,0,0,0,1,0,0,0,0,1,1,0,1,0
2017,1,13,2697,2259,191,247,62,0,-0.2,0.0,2.0,44.9,39.628398,0.2035443700697307,0,0,0,0,1,1,0,0,0,0,1,0,1,0
2017,1,16,2697,2378,123,196,432,0,-2.4,0.0,0.9,39.8,37.718952,-0.4872273676409941,0,0,0,0,1,0,1,0,0,0,1,0,1,0
2017,1,18,2697,2398,59,240,0,0,1.2,0.0,0.9,49.4,40.794672000000006,3.1537116617521663,0,0,0,0,1,0,0,0,0,1,1,0,1,0
2017,1,23,2697,2387,108,202,396,0,-3.5,0.0,1.8,39.8,36.39453,-3.071043437500982,0,0,0,0,1,0,1,0,0,0,1,0,1,0
2017,1,24,2697,2416,63,218,273,0,-3.4,0.0,1.2,44.1,35.755294,-2.0876697945854694,0,0,0,0,1,0,0,0,1,0,1,0,1,0
2017,1,25,2697,2415,79,203,0,0,-3.1,0.0,0.5,49.0,35.27819,-0.0832051223821648,0,0,0,0,1,0,0,0,0,1,1,0,1,0
2017,1,26,2697,2211,369,117,28,0,-0.2,0.0,0.8,45.8,39.497916,1.9479628459953848,0,0,0,0,1,0,0,1,0,0,0,1,1,0
2017,1,31,2697,2462,177,58,278,0,-1.1,0.0,0.6,50.9,37.575999,1.5567608111273232,0,0,0,0,1,0,0,0,1,0,1,0,1,0
2017,2,1,2632,2392,61,179,0,0,0.9,0.0,1.8,34.6,42.389486,1.580191802338662,0,0,0,0,1,0,0,0,0,1,1,0,1,0
2017,2,2,2632,2370,45,217,427,0,0.6,0.0,1.1,37.9,41.591426,2.189738611277808,0,0,0,0,1,0,0,1,0,0,1,0,1,0
2017,2,3,2632,2275,104,253,92,0,1.1,0.0,0.6,48.8,40.744032,3.727901660977074,0,0,0,0,1,1,0,0,0,0,1,0,1,0
2017,2,6,2632,2381,49,202,610,0,2.1,0.0,1.9,40.9,43.002611,2.7481311411017657,0,0,0,0,1,0,1,0,0,0,1,0,1,0
2017,2,8,2632,2374,52,206,0,0,2.9,0.0,0.9,45.5,43.448805,4.873043981187825,0,0,0,0,1,0,0,0,0,1,1,0,1,0
2017,2,10,2632,2199,149,284,59,0,-2.4,0.0,2.6,35.9,38.369316,-2.728571614253223,0,0,0,0,1,1,0,0,0,0,1,0,1,0
2017,2,13,2632,2375,61,196,505,0,1.8,0.0,0.7,50.0,41.499,4.17350658474407,0,0,0,0,1,0,1,0,0,0,1,0,1,0
2017,2,14,2632,2356,53,223,444,0,2.2,0.0,0.9,49.5,42.08161,4.165083614361377,0,0,0,0,1,0,0,0,1,0,1,0,1,0
2017,2,15,2632,2348,51,233,0,0,2.2,0.0,0.5,49.6,42.069488,5.091595312919424,0,0,0,0,1,0,0,0,0,1,1,0,1,0
2017,2,16,2632,2336,56,240,419,0,6.7,2.5,1.0,66.6,46.620778,8.570600000000002,0,0,0,0,1,0,0,1,0,0,1,0,1,0
2017,2,17,2632,2219,144,269,73,0,10.2,0.4,2.2,44.1,52.708918,11.14861620622023,0,0,0,0,1,1,0,0,0,0,1,0,1,0
2017,2,20,2632,2329,104,199,494,0,7.4,0.4,2.7,45.3,49.134778,7.8301626566949905,0,0,0,0,1,0,1,0,0,0,1,0,1,0
2017,2,21,2632,2343,63,226,445,0,1.6,0.0,0.6,48.3,41.454172,4.221342763215654,0,0,0,0,1,0,0,0,1,0,1,0,1,0
2017,2,22,2632,2305,75,252,0,0,3.4,30.1,0.4,84.5,39.81477,6.577849064445021,0,0,0,0,1,0,0,0,0,1,1,0,1,0
2017,2,23,2632,2285,75,272,307,0,4.1,0.0,2.6,42.6,45.258334000000005,4.314157308356999,0,0,0,0,1,0,0,1,0,0,1,0,1,0
2017,2,24,2632,2167,174,291,63,0,2.5,0.0,2.2,31.1,44.647425,2.8995155343937404,0,0,0,0,1,1,0,0,0,0,1,0,1,0
2017,2,28,2632,2273,156,203,179,0,5.1,0.0,0.8,55.9,45.259691,7.269658406185352,0,0,0,0,1,0,0,0,1,0,0,1,1,0
2017,3,2,2627,2222,190,215,428,0,4.5,1.3,2.5,50.6,44.96343,4.81742675214779,0,0,1,0,0,0,0,1,0,0,1,0,1,0
2017,3,3,2627,2197,174,256,70,0,4.0,0.0,0.9,48.6,44.51476,5.985553129057957,0,0,1,0,0,1,0,0,0,0,1,0,1,0
2017,3,6,2627,2363,63,201,490,0,4.7,0.0,2.5,32.6,46.962078,5.033548084182806,0,0,1,0,0,0,1,0,0,0,1,0,1,0
2017,3,8,2627,2348,46,233,0,0,1.0,0.0,1.7,47.5,40.78775,1.795651698655406,0,0,1,0,0,0,0,0,0,1,1,0,1,0
2017,3,9,2627,2318,55,254,346,0,5.1,0.0,2.4,37.5,46.961875,5.536256616848421,0,0,1,0,0,0,0,1,0,0,1,0,1,0
2017,3,10,2627,2191,145,291,63,0,5.6,0.0,1.0,42.0,47.15848,7.450800000000001,0,0,1,0,0,1,0,0,0,0,1,0,1,0
2017,3,13,2627,2334,82,211,449,0,9.3,0.0,1.2,47.8,51.398546,10.989988042208148,0,0,1,0,0,0,1,0,0,0,1,0,1,0
2017,3,14,2627,2351,46,230,437,0,8.4,0.0,1.8,43.4,50.506944,9.508433688428966,0,0,1,0,0,0,0,0,1,0,1,0,1,0
2017,3,17,2627,2199,129,299,59,0,6.5,0.0,1.0,49.5,47.671825,8.367,0,0,1,0,0,1,0,0,0,0,1,0,1,0
2017,3,20,2627,2334,86,207,390,0,7.1,7.9,0.8,75.4,46.568666,9.277845410030624,0,0,1,0,0,0,1,0,0,0,1,0,1,0
2017,3,21,2627,2350,55,222,454,0,9.2,2.3,1.6,54.4,50.927552,10.51249328182485,0,0,1,0,0,0,0,0,1,0,1,0,1,0
2017,3,22,2627,2339,53,235,0,0,6.9,0.0,0.8,55.4,47.751174000000006,9.077026709646097,0,0,1,0,0,0,0,0,0,1,1,0,1,0
2017,3,23,2627,2320,62,245,321,0,9.3,0.0,0.8,49.4,51.317058,11.486851114260425,0,0,1,0,0,0,0,1,0,0,1,0,1,0
2017,3,24,2627,2167,181,279,50,0,8.1,0.0,1.0,61.3,49.010747,9.995800000000004,0,0,1,0,0,1,0,0,0,0,1,0,1,0
2017,3,28,2627,2335,44,248,368,0,7.4,0.6,1.1,55.6,48.416456,9.153569762298083,0,0,1,0,0,0,0,0,1,0,1,0,1,0
2017,3,30,2627,2282,67,278,223,0,10.6,0.0,1.2,62.4,52.511056,12.328645931013789,0,0,1,0,0,0,0,1,0,0,1,0,1,0
2017,3,31,2627,2184,147,296,45,0,9.9,2.6,1.1,69.9,51.174199,11.713801803114356,0,0,1,0,0,1,0,0,0,0,1,0,1,0
2017,4,4,2626,2360,54,212,418,0,12.6,0.0,1.1,43.5,55.71169,14.478852407195935,0,0,1,0,0,0,0,0,1,0,1,0,1,0
2017,4,5,2626,2312,63,251,0,0,13.4,48.5,1.3,77.4,56.353684,15.13152961443133,0,0,1,0,0,0,0,0,0,1,1,0,1,0
2017,4,6,2626,2290,65,271,317,0,15.6,15.7,1.5,86.4,59.924416,17.28330210160859,0,0,1,0,0,0,0,1,0,0,1,0,1,0
2017,4,7,2626,2184,151,291,67,0,15.0,0.0,1.2,69.5,58.83225,16.859488016202132,0,0,1,0,0,1,0,0,0,0,1,0,1,0
2017,4,10,2626,2316,81,229,418,0,13.5,0.1,2.2,45.3,56.811445,14.68394506557444,0,0,1,0,0,0,1,0,0,0,1,0,1,0
2017,4,11,2626,2348,44,234,440,0,13.2,11.5,1.7,59.0,56.26512,14.643878885796628,0,0,1,0,0,0,0,0,1,0,1,0,1,0
2017,4,12,2626,2344,41,241,0,0,14.0,0.0,2.4,23.0,57.5388,15.127054750925716,0,0,1,0,0,0,0,0,0,1,1,0,1,0
2017,4,13,2626,2295,61,270,318,0,13.7,0.0,1.6,42.5,57.083775,15.23284387646161,0,0,1,0,0,0,0,1,0,0,1,0,1,0
2017,4,14,2626,2206,122,298,55,0,15.2,0.0,2.1,49.0,58.97852,16.55012549075238,0,0,1,0,0,1,0,0,0,0,1,0,1,0
2017,4,18,2626,2325,57,244,405,0,14.7,0.0,1.9,60.4,58.359812000000005,16.115263544615907,0,0,1,0,0,0,0,0,1,0,1,0,1,0
2017,4,19,2626,2334,36,256,0,0,14.6,0.0,1.8,36.1,58.181594,16.06244698093028,0,0,1,0,0,0,0,0,0,1,1,0,1,0
2017,4,20,2626,2294,44,288,284,0,13.0,0.2,1.0,52.6,56.07782,14.984000000000002,0,0,1,0,0,0,0,1,0,0,1,0,1,0
2017,4,21,2626,2182,137,307,59,0,14.3,0.0,1.0,56.1,57.802777000000006,16.3074,0,0,1,0,0,1,0,0,0,0,1,0,1,0
2017,4,24,2626,2290,76,260,373,0,14.6,0.0,1.2,59.9,58.218246,16.447593281185007,0,0,1,0,0,0,1,0,0,0,1,0,1,0
2017,4,25,2626,2269,69,288,336,0,17.3,0.1,1.3,68.1,62.238187,19.16802446835398,0,0,1,0,0,0,0,0,1,0,1,0,1,0
2017,4,26,2626,2277,45,304,0,0,14.7,1.7,0.9,71.6,58.388148,16.807233021976515,0,0,1,0,0,0,0,0,0,1,1,0,1,0
2017,4,27,2626,2254,61,311,183,0,14.7,0.0,2.0,29.5,58.281635,16.0646591887297,0,0,1,0,0,0,0,1,0,0,1,0,1,0
2017,5,2,2637,1581,933,123,88,0,15.7,0.0,0.9,49.6,59.633528,17.818604974585725,0,0,1,0,0,0,0,0,1,0,0,1,1,0
2017,5,8,2637,1792,715,130,151,0,17.7,0.0,1.0,50.3,62.258169,19.768600000000003,0,0,1,0,0,0,1,0,0,0,0,1,1,0
2017,5,10,2637,2346,68,223,0,0,16.6,0.1,1.1,74.8,61.342232,18.57522367250198,0,0,1,0,0,0,0,0,0,1,1,0,1,0
2017,5,11,2637,2316,57,264,471,0,19.9,0.0,1.3,61.6,65.746016,21.85902103763576,0,0,1,0,0,0,0,1,0,0,1,0,1,0
2017,5,12,2637,2235,113,289,96,0,17.0,9.1,0.8,85.4,62.23062,19.21837107906472,0,0,1,0,0,1,0,0,0,0,1,0,1,0
2017,5,15,2637,2350,63,224,516,0,16.0,0.0,1.1,49.0,60.0146,17.960767982706074,0,0,1,0,0,0,1,0,0,0,1,0,1,0
2017,5,16,2637,2330,41,266,486,0,16.5,0.0,1.0,60.6,60.89821,18.547,0,0,1,0,0,0,0,0,1,0,1,0,1,0
2017,5,17,2637,2323,46,268,0,0,17.1,0.0,0.9,60.5,61.741545,19.23452570823862,0,0,1,0,0,0,0,0,0,1,1,0,1,0
2017,5,18,2637,2290,60,287,343,0,18.8,0.0,0.9,58.0,64.02896000000001,20.953858027674283,0,0,1,0,0,0,0,1,0,0,1,0,1,0
2017,5,19,2637,2186,146,305,81,0,20.3,0.0,1.0,53.8,65.861786,22.415400000000005,0,0,1,0,0,1,0,0,0,0,1,0,1,0
2017,5,22,2637,2334,63,240,504,0,19.6,0.0,1.2,56.6,65.064864,21.596277468899032,0,0,1,0,0,0,1,0,0,0,1,0,1,0
2017,5,23,2637,2333,47,257,429,0,18.9,0.0,1.0,67.6,64.590836,20.9902,0,0,1,0,0,0,0,0,1,0,1,0,1,0
2017,5,24,2637,2311,49,277,0,0,20.2,3.9,1.1,73.9,66.872822,22.26195781127742,0,0,1,0,0,0,0,0,0,1,1,0,1,0
2017,5,25,2637,2290,57,290,320,0,21.5,0.0,1.9,51.9,67.340215,23.329271508417182,0,0,1,0,0,0,0,1,0,0,1,0,1,0
2017,5,29,2637,2309,88,240,394,0,23.5,0.0,1.0,51.6,69.96094,25.673000000000005,0,0,1,0,0,0,1,0,0,0,1,0,1,0
2017,5,31,2637,2329,43,265,0,0,21.3,0.8,1.4,69.3,68.25639100000001,23.271640067910248,0,0,1,0,0,0,0,0,0,1,1,0,1,0
2017,6,1,2648,2317,66,265,317,0,23.4,0.0,1.6,58.1,70.405146,25.407821824900857,0,0,0,1,0,0,0,1,0,0,1,0,1,0
2017,6,2,2648,2190,165,293,77,0,20.0,0.0,1.8,49.3,65.2115,21.770781138915297,0,0,0,1,0,1,0,0,0,0,1,0,1,0
2017,6,5,2648,1865,633,150,174,0,19.5,0.0,1.3,50.5,64.622525,21.44502156543855,0,0,0,1,0,0,1,0,0,0,0,1,1,0
2017,6,9,2648,2224,130,294,67,0,22.6,0.0,1.4,49.6,68.610704,24.623550148775905,0,0,0,1,0,1,0,0,0,0,1,0,1,0
2017,6,12,2648,2352,87,209,529,0,19.0,0.0,1.4,56.5,64.23815,20.87979915560946,0,0,0,1,0,0,1,0,0,0,1,0,1,0
2017,6,13,2648,2367,47,234,451,0,18.8,0.3,1.2,65.8,64.365296,20.772487998864783,0,0,0,1,0,0,0,0,1,0,1,0,1,0
2017,6,19,2648,2320,102,226,455,0,24.1,0.0,1.4,54.5,71.030655,26.1834463959286,0,0,0,1,0,0,1,0,0,0,1,0,1,0
2017,6,21,2648,2319,60,269,0,0,22.5,0.0,1.3,66.6,69.83635,24.55001760691752,0,0,0,1,0,0,0,0,0,1,1,0,1,0
2017,6,22,2648,2306,69,273,317,0,23.5,0.0,1.3,62.9,70.973985,25.58501628741051,0,0,0,1,0,0,0,1,0,0,1,0,1,0
2017,6,26,2648,2299,112,237,374,0,21.7,10.5,0.9,84.5,69.946635,23.88683669024099,0,0,0,1,0,0,1,0,0,0,1,0,1,0
2017,6,27,2648,2333,59,256,309,0,22.8,0.0,1.0,70.1,70.566672,24.9604,0,0,0,1,0,0,0,0,1,0,1,0,1,0
2017,6,28,2648,2331,58,259,0,0,23.4,0.0,1.1,66.6,71.158756,25.53905482352225,0,0,0,1,0,0,0,0,0,1,1,0,1,0
2017,6,29,2648,2316,66,266,209,0,22.0,4.8,0.8,78.8,70.01424,24.238838588677893,0,0,0,1,0,0,0,1,0,0,1,0,1,0
2017,7,5,2839,2533,46,260,0,0,25.8,17.6,1.2,81.8,76.393956,27.980645861664414,0,0,0,1,0,0,0,0,0,1,1,0,1,0
2017,7,6,2839,2499,72,268,341,0,24.8,5.2,1.0,89.6,75.573792,26.996400000000005,0,0,0,1,0,0,0,1,0,0,1,0,1,0
2017,7,11,2839,2545,62,232,380,0,26.1,0.0,1.7,78.5,76.499115,28.22929943613448,0,0,0,1,0,0,0,0,1,0,1,0,1,0
2017,7,12,2839,2507,69,263,0,0,27.4,0.0,1.2,75.6,78.190456,29.62822480173289,0,0,0,1,0,0,0,0,0,1,1,0,1,0
2017,7,14,2839,2344,209,286,57,0,26.7,0.0,1.2,81.9,77.863927,28.90740901545294,0,0,0,1,0,1,0,0,0,0,1,0,1,0
2017,7,18,2839,2502,98,239,419,0,26.7,1.9,0.9,83.6,78.070188,28.94369645328705,0,0,0,1,0,0,0,0,1,0,1,0,1,0
2017,7,20,2839,2471,90,278,270,0,28.5,0.0,1.1,78.1,80.252615,30.76192818678745,0,0,0,1,0,0,0,1,0,0,1,0,1,0
2017,7,21,2839,2332,206,301,46,0,30.2,0.0,1.4,73.5,82.22653,32.52702446768284,0,0,0,1,0,1,0,0,0,0,1,0,1,0
2017,7,24,2839,2391,237,211,401,0,29.7,0.1,0.9,79.4,82.348782,31.97781231111468,0,0,0,1,0,0,1,0,0,0,1,0,1,0
2017,7,25,2839,2382,214,243,272,0,27.3,17.2,0.9,87.4,79.53639799999999,29.550519624852576,0,0,0,1,0,0,0,0,1,0,1,0,1,0
2017,7,26,2839,2339,254,246,0,0,26.1,0.0,1.3,69.9,75.50676100000001,28.27601285669228,0,0,0,1,0,0,0,0,0,1,1,0,1,0
2017,7,27,2839,2265,334,240,221,0,25.7,0.0,1.2,64.1,74.25966299999999,27.87767217791013,0,0,0,1,0,0,0,1,0,0,1,0,1,0
2017,7,31,2839,2159,524,156,192,0,26.2,38.2,0.8,87.0,77.64706,28.45603129675296,0,0,0,1,0,0,1,0,0,0,1,0,1,0
2017,8,1,2645,1998,466,181,320,0,27.3,0.0,1.2,81.5,78.785505,29.525251117978623,0,0,0,1,0,0,0,0,1,0,1,0,1,0
2017,8,3,2645,1987,451,207,301,0,27.5,0.0,1.4,71.8,77.85515000000001,29.719211222808006,0,0,0,1,0,0,0,1,0,0,1,0,1,0
2017,8,4,2645,1863,544,238,55,0,28.9,0.0,1.2,71.0,79.86981,31.172830058047108,0,0,0,1,0,1,0,0,0,0,1,0,1,0
2017,8,7,2645,2049,428,168,351,0,30.5,0.0,1.4,60.3,80.589685,32.83900371711338,0,0,0,1,0,0,1,0,0,0,1,0,1,0
2017,8,8,2645,2024,414,207,350,0,28.0,0.0,1.0,70.5,78.4411,30.254,0,0,0,1,0,0,0,0,1,0,1,0,1,0
2017,8,9,2645,2007,428,210,0,0,26.7,0.2,0.8,87.0,78.48271,28.95807804771428,0,0,0,1,0,0,0,0,0,1,1,0,1,0
2017,8,11,2645,1839,566,240,66,0,26.6,28.8,1.2,78.8,77.32879199999999,28.804435331698663,0,0,0,1,0,1,0,0,0,0,1,0,1,0
2017,8,14,2645,1651,863,131,114,0,22.0,48.5,0.7,96.6,71.34568,24.29282949333423,0,0,0,1,0,0,1,0,0,0,0,1,1,0
2017,8,17,2645,2067,357,221,380,0,26.8,0.8,0.8,80.0,77.7936,29.058487397906543,0,0,0,1,0,0,0,1,0,0,1,0,1,0
2017,8,18,2645,1977,396,272,61,0,26.6,0.0,1.1,77.4,77.160316,28.81615183576709,0,0,0,1,0,1,0,0,0,0,1,0,1,0
2017,8,21,2645,2402,74,169,618,0,25.3,20.2,1.1,90.8,76.551276,27.48483117454262,0,0,0,1,0,0,1,0,0,0,1,0,1,0
2017,8,24,2645,2308,78,259,344,0,29.4,0.3,2.2,68.3,80.22649799999999,31.717802297008365,0,0,0,1,0,0,0,1,0,0,1,0,1,0
2017,8,25,2645,2171,164,310,55,0,27.6,0.8,1.1,66.9,77.369056,29.8402446520936,0,0,0,1,0,1,0,0,0,0,1,0,1,0
2017,8,28,2645,2251,169,225,337,0,24.9,0.0,1.0,71.0,73.81821,27.0982,0,0,0,1,0,0,1,0,0,0,1,0,1,0
2017,8,29,2645,2264,121,260,294,0,26.9,0.0,1.5,55.6,74.945036,29.08700433492414,0,0,0,1,0,0,0,0,1,0,1,0,1,0
2017,8,30,2645,2259,116,270,0,0,22.3,0.0,1.6,45.8,67.92486600000001,24.25395834621188,0,0,0,1,0,0,0,0,0,1,1,0,1,0
2017,8,31,2645,2254,110,281,189,0,21.9,0.0,1.1,59.8,68.452838,24.002915599032484,0,0,0,1,0,0,0,1,0,0,1,0,1,0
2017,9,1,2642,2162,177,303,45,0,22.7,0.0,1.5,50.8,68.83888400000001,24.69978757563872,0,1,0,0,0,1,0,0,0,0,1,0,1,0
2017,9,4,2642,2286,113,243,416,0,21.8,0.0,0.9,69.5,69.01899,23.98797388550192,0,1,0,0,0,0,1,0,0,0,1,0,1,0
2017,9,5,2642,2303,74,265,390,0,21.5,0.7,0.9,76.3,69.044555,23.68456229971915,0,1,0,0,0,0,0,0,1,0,1,0,1,0
2017,9,7,2642,2285,78,279,358,0,20.6,1.0,0.5,81.0,67.92214000000001,23.05694022038154,0,1,0,0,0,0,0,1,0,0,1,0,1,0
2017,9,11,2642,2338,101,203,478,0,20.9,74.4,0.8,87.5,68.821125,23.134335736562992,0,1,0,0,0,0,1,0,0,0,1,0,1,0
2017,9,12,2642,2328,72,242,430,0,22.9,0.0,0.8,70.5,70.75055499999999,25.142522740408264,0,1,0,0,0,0,0,0,1,0,1,0,1,0
2017,9,13,2642,2332,57,253,0,0,20.6,0.0,0.9,62.9,66.81912600000001,22.774327542370862,0,1,0,0,0,0,0,0,0,1,1,0,1,0
2017,9,14,2642,2283,68,291,317,0,20.3,0.0,1.2,65.5,66.54003499999999,22.317093255179,0,1,0,0,0,0,0,1,0,0,1,0,1,0
2017,9,15,2642,2154,198,290,70,0,20.0,0.0,1.5,58.8,65.73400000000001,21.879433944669515,0,1,0,0,0,1,0,0,0,0,1,0,1,0
2017,9,19,2642,2347,49,246,432,0,21.7,0.0,1.0,70.6,68.948198,23.8406,0,1,0,0,0,0,0,0,1,0,1,0,1,0
2017,9,20,2642,2301,62,279,0,0,20.6,0.0,0.9,65.4,66.971476,22.774327542370862,0,1,0,0,0,0,0,0,0,1,1,0,1,0
2017,9,22,2642,2177,174,291,67,0,19.3,0.0,0.7,70.0,65.2979,21.60361306495832,0,1,0,0,0,1,0,0,0,0,1,0,1,0
2017,9,25,2642,2287,97,258,385,0,21.7,0.0,0.8,72.5,69.084675,23.9376105381011,0,1,0,0,0,0,1,0,0,0,1,0,1,0
2017,9,26,2642,2300,81,261,342,0,22.1,0.0,1.0,65.0,69.12735,24.247800000000005,0,1,0,0,0,0,0,0,1,0,1,0,1,0
2017,9,27,2642,2307,70,265,0,0,19.2,8.2,1.4,81.5,65.68902,21.087785321896483,0,1,0,0,0,0,0,0,0,1,1,0,1,0
2017,9,28,2642,2277,102,263,202,0,20.1,0.0,1.1,63.0,66.10837000000001,22.159548529644766,0,1,0,0,0,0,0,1,0,0,1,0,1,0
2017,9,29,2642,2180,214,248,22,0,15.8,0.0,0.8,58.3,59.880386,18.013458876757554,0,1,0,0,0,1,0,0,0,0,0,1,1,0
2017,10,10,2645,2331,105,209,641,0,21.6,0.0,0.6,78.3,69.342772,23.958986852758848,0,1,0,0,0,0,0,0,1,0,1,0,1,0
2017,10,11,2645,2335,60,250,0,0,21.1,0.0,1.0,72.8,68.187792,23.229800000000004,0,1,0,0,0,0,0,0,0,1,1,0,1,0
2017,10,12,2645,2330,46,269,1017,0,14.4,18.6,1.2,79.1,57.929196000000005,16.24164591367645,0,1,0,0,0,0,0,1,0,0,1,0,1,0
2017,10,13,2645,2314,63,268,86,0,14.3,0.0,1.1,58.9,57.798773,16.219810194951005,0,1,0,0,0,1,0,0,0,0,1,0,1,0
2017,10,16,2645,2330,90,225,464,0,15.6,0.0,1.3,66.1,59.692184,17.408526711515904,0,1,0,0,0,0,1,0,0,0,1,0,1,0
2017,10,17,2645,2331,56,258,453,0,14.9,0.0,0.7,75.4,58.709054,17.221186292790165,0,1,0,0,0,0,0,0,1,0,1,0,1,0
2017,10,18,2645,2330,45,270,0,0,15.9,0.0,1.4,61.9,60.070979,17.656013578160582,0,1,0,0,0,0,0,0,0,1,1,0,1,0
2017,10,19,2645,2296,67,282,341,0,16.6,0.0,1.2,61.4,61.056276,18.50706695627062,0,1,0,0,0,0,0,1,0,0,1,0,1,0
2017,10,20,2645,2154,190,301,53,0,15.9,0.0,0.9,68.6,60.167526,18.020879365107568,0,1,0,0,0,1,0,0,0,0,1,0,1,0
2017,10,23,2645,2279,116,250,435,0,14.9,0.0,1.4,48.4,58.587284,16.61608274672546,0,1,0,0,0,0,1,0,0,0,1,0,1,0
2017,10,25,2645,2281,75,289,0,0,11.3,0.0,0.5,72.5,53.19607500000001,13.976630022588187,0,1,0,0,0,0,0,0,0,1,1,0,1,0
2017,10,26,2645,2242,101,302,251,0,11.8,0.0,0.6,73.6,53.931152,14.287541248882684,0,1,0,0,0,0,0,1,0,0,1,0,1,0
2017,10,30,2645,2271,124,250,374,0,9.0,0.0,1.4,39.9,51.43939,10.480490841258234,0,1,0,0,0,0,1,0,0,0,1,0,1,0
2017,10,31,2645,2292,63,290,238,0,8.1,0.0,0.9,58.0,49.21802,10.132178134755724,0,1,0,0,0,0,0,0,1,0,1,0,1,0
2017,11,1,2644,2302,63,279,0,0,9.9,0.0,0.7,61.9,51.534119,12.241155869871807,0,1,0,0,0,0,0,0,0,1,1,0,1,0
2017,11,3,2644,2167,173,304,58,0,12.1,0.0,0.8,65.5,54.580745,14.2983129196438,0,1,0,0,0,1,0,0,0,0,1,0,1,0
2017,11,6,2644,2307,93,244,452,0,8.2,0.0,0.7,71.0,48.55278,10.547945526079566,0,1,0,0,0,0,1,0,0,0,1,0,1,0
2017,11,8,2644,2308,60,276,0,0,15.3,0.0,1.3,53.8,59.148686,17.098027107368004,0,1,0,0,0,0,0,0,0,1,1,0,1,0
2017,11,13,2644,2297,107,240,525,0,8.1,0.0,0.6,68.1,48.583639000000005,10.636077092317192,0,1,0,0,0,0,1,0,0,0,1,0,1,0
2017,11,16,2644,2232,129,283,347,0,3.4,0.0,0.7,64.4,42.012504,5.767116320077945,0,1,0,0,0,0,0,1,0,0,1,0,1,0
2017,11,17,2644,2120,213,311,58,0,5.9,0.0,0.5,60.8,45.935928,8.704191843224308,0,1,0,0,0,1,0,0,0,0,1,0,1,0
2017,11,20,2644,2300,107,237,517,0,4.5,0.0,0.8,43.6,45.65258,6.667202305031772,0,1,0,0,0,0,1,0,0,0,1,0,1,0
2017,11,21,2644,2311,77,256,435,0,2.7,0.0,0.7,67.6,40.627148000000005,5.069912060869375,0,1,0,0,0,0,0,0,1,0,1,0,1,0
2017,11,22,2644,2303,64,277,0,0,6.5,0.0,1.1,60.6,46.79881,8.231886227604221,0,1,0,0,0,0,0,0,0,1,1,0,1,0
2017,11,23,2644,2234,122,288,305,0,3.5,0.0,1.6,47.6,43.97754,4.533382528618281,0,1,0,0,0,0,0,1,0,0,1,0,1,0
2017,11,24,2644,2131,210,303,63,0,2.3,0.0,1.9,56.1,41.418097,2.960307845919452,0,1,0,0,0,1,0,0,0,0,1,0,1,0
2017,11,27,2644,2250,132,262,402,0,5.2,0.0,0.4,74.3,43.712064,8.31292446159582,0,1,0,0,0,0,1,0,0,0,1,0,1,0
2017,11,30,2644,2280,97,267,256,0,6.1,0.0,2.3,22.1,49.415319,6.683755877100242,0,1,0,0,0,0,0,1,0,0,1,0,1,0
2017,12,1,2665,2154,243,268,136,0,1.2,0.0,1.9,31.0,43.20728,1.793335969422186,0,0,0,0,1,1,0,0,0,0,1,0,1,0
2017,12,5,2665,2380,60,225,871,0,-1.4,0.0,1.4,47.1,37.777894,-0.3347898056670439,0,0,0,0,1,0,0,0,1,0,1,0,1,0
2017,12,6,2665,2333,78,254,0,0,-0.2,0.0,0.7,61.1,37.279722,2.181494415576727,0,0,0,0,1,0,0,0,0,1,1,0,1,0
2017,12,8,2665,2192,169,304,141,0,0.7,0.0,2.3,35.0,42.10455,0.8813350923537323,0,0,0,0,1,1,0,0,0,0,1,0,1,0
2017,12,13,2665,2352,67,246,0,0,-3.2,0.0,1.5,34.8,37.629136,-2.3547157732880803,0,0,0,0,1,0,0,0,0,1,1,0,1,0
2017,12,14,2665,2294,105,266,309,0,-2.9,0.0,0.5,36.1,37.752269,0.1120703657424233,0,0,0,0,1,0,0,1,0,0,1,0,1,0
2017,12,18,2665,2295,140,230,156,0,0.7,0.0,1.1,56.9,39.124617,2.29214789291046,0,0,0,0,1,0,1,0,0,0,1,0,1,0
2017,12,19,2665,2287,109,269,146,0,-0.1,0.0,1.5,51.6,38.789116,0.8834680252321138,0,0,0,0,1,0,0,0,1,0,1,0,1,0
2017,12,20,2665,2295,108,262,0,0,-1.9,0.0,0.7,52.0,36.34688,0.4882840717844864,0,0,0,0,1,0,0,0,0,1,1,0,1,0
2017,12,21,2665,2276,127,262,102,0,-1.1,0.0,0.6,60.1,36.160211,1.5567608111273232,0,0,0,0,1,0,0,1,0,0,1,0,1,0
2017,12,22,2665,2156,239,270,34,0,-0.9,0.0,0.4,60.4,36.395636,2.4329467268070006,0,0,0,0,1,1,0,0,0,0,0,1,1,0
2017,12,26,2665,2171,267,227,62,0,0.4,0.0,2.2,44.1,40.492336,0.6497608057137871,0,0,0,0,1,0,0,0,1,0,1,0,1,0
2017,12,27,2665,2241,169,255,0,0,-1.4,0.0,1.4,30.8,40.334712,-0.3347898056670439,0,0,0,0,1,0,0,0,0,1,1,0,1,0
2017,12,29,2665,1934,489,242,5,0,2.1,0.0,1.0,66.3,39.898477,3.8878,0,0,0,0,1,1,0,0,0,0,0,1,1,0
2018,1,2,2655,2480,73,102,301,0,0.7,0.0,0.7,56.9,39.124617,3.077899891702032,0,0,0,0,1,0,0,0,1,0,1,0,1,0
2018,1,3,2655,2388,60,207,0,0,2.0,0.0,1.5,26.5,44.6552,3.077076404874828,0,0,0,0,1,0,0,0,0,1,1,0,1,0
2018,1,5,2655,2257,152,246,58,0,2.4,0.0,1.3,37.9,43.724804,3.746544129008462,0,0,0,0,1,1,0,0,0,0,1,0,1,0
2018,1,8,2655,2361,100,194,377,0,3.2,1.5,1.1,81.4,39.830552,4.852379933726736,0,0,0,0,1,0,1,0,0,0,1,0,1,0
2018,1,9,2655,2370,70,215,298,0,1.8,0.0,2.6,45.0,42.1249,1.8221147665103063,0,0,0,0,1,0,0,0,1,0,1,0,1,0
2018,1,10,2655,2387,58,210,0,0,-1.7,0.5,2.3,57.3,35.764741,-1.6975185897558278,0,0,0,0,1,0,0,0,0,1,1,0,1,0
2018,1,11,2655,2344,73,238,337,0,-5.4,0.0,1.5,46.5,32.79061,-4.652781694818541,0,0,0,0,1,0,0,1,0,0,1,0,1,0
2018,1,12,2655,2226,163,266,59,0,-6.4,0.0,1.4,47.5,31.313900000000004,-5.5344439628426585,0,0,0,0,1,1,0,0,0,0,1,0,1,0
2018,1,15,2655,2351,112,192,443,0,3.8,0.0,0.8,65.6,42.465072,5.964336853685927,0,0,0,0,1,0,1,0,0,0,1,0,1,0
2018,1,16,2655,2366,73,216,405,0,2.9,22.9,0.6,85.6,38.865776,5.504289629035962,0,0,0,0,1,0,0,0,1,0,1,0,1,0
2018,1,17,2655,2362,70,223,0,0,4.5,4.1,0.8,87.4,41.34047,6.667202305031772,0,0,0,0,1,0,0,0,0,1,1,0,1,0
2018,1,18,2655,2324,98,233,325,0,2.9,0.0,0.5,80.3,39.471513,5.775059521355483,0,0,0,0,1,0,0,1,0,0,1,0,1,0
2018,1,22,2655,2341,103,211,371,0,4.7,0.0,1.3,53.4,44.955502,6.127041094142333,0,0,0,0,1,0,1,0,0,0,1,0,1,0
2018,1,23,2655,2359,66,230,297,0,-3.1,0.0,2.2,39.4,36.945614000000006,-3.0998304087528,0,0,0,0,1,0,0,0,1,0,1,0,1,0
2018,1,24,2655,2380,51,224,0,0,-6.6,0.0,2.3,30.5,34.599630000000005,-6.962678190729513,0,0,0,0,1,0,0,0,0,1,1,0,1,0
2018,1,26,2655,2227,166,262,43,0,-5.7,0.0,1.7,23.1,37.076167,-5.260341920512315,0,0,0,0,1,1,0,0,0,0,1,0,1,0
2018,1,30,2655,2379,60,216,433,0,-4.1,0.0,0.9,46.4,34.460424,-2.2065596870766524,0,0,0,0,1,0,0,0,1,0,1,0,1,0
2018,1,31,2655,2376,56,223,0,0,-1.8,0.0,0.6,55.0,35.9969,0.8659432679933111,0,0,0,0,1,0,0,0,0,1,1,0,1,0
2018,2,1,2707,2380,73,254,401,0,-1.2,0.0,0.7,50.5,37.50656,1.185488330993055,0,0,0,0,1,0,0,1,0,0,1,0,1,0
2018,2,2,2707,2276,153,278,88,0,-1.9,0.0,0.5,40.4,38.223876,1.0884478063653655,0,0,0,0,1,1,0,0,0,0,1,0,1,0
2018,2,5,2707,2418,76,213,560,0,-5.0,0.0,2.3,35.1,35.49325,-5.243442402656473,0,0,0,0,1,0,1,0,0,0,1,0,1,0
2018,2,8,2707,2363,71,273,378,0,-3.7,0.0,0.7,44.0,35.399280000000005,-1.3045268804661223,0,0,0,0,1,0,0,1,0,0,1,0,1,0
2018,2,12,2707,2360,103,244,476,0,-1.8,0.0,2.4,46.5,37.36387,-1.899305981481168,0,0,0,0,1,0,1,0,0,0,1,0,1,0
2018,2,14,2707,2130,418,159,0,0,5.1,0.0,1.6,60.8,44.806392,6.211729406711351,0,0,0,0,1,0,0,0,0,1,0,1,1,0
2018,2,19,2707,2281,255,171,604,0,4.3,0.0,0.6,39.4,45.826058,6.885924715303984,0,0,0,0,1,0,1,0,0,0,1,0,1,0
2018,2,22,2707,2348,82,277,400,0,0.3,0.0,0.9,39.4,41.025818,2.2434769044038765,0,0,0,0,1,0,0,1,0,0,1,0,1,0
2018,2,23,2707,2242,161,304,69,0,2.7,0.0,1.3,59.4,41.580562,4.057043733156359,0,0,0,0,1,1,0,0,0,0,1,0,1,0
2018,2,26,2707,2371,105,231,491,0,4.5,0.0,0.8,53.1,44.717305,6.667202305031772,0,0,0,0,1,0,1,0,0,0,1,0,1,0
2018,2,27,2707,2363,81,263,332,0,5.6,0.0,0.9,61.4,45.459816,7.603748253232695,0,0,0,0,1,0,0,0,1,0,1,0,1,0
2018,2,28,2707,2295,134,278,0,0,5.9,30.8,1.1,78.8,44.413308,7.617430537808318,0,0,0,0,1,0,0,0,0,1,0,1,1,0
2018,3,5,2714,2411,92,211,593,0,6.8,6.0,1.8,82.3,45.579536,7.817075419396366,0,0,1,0,0,0,1,0,0,0,1,0,1,0
2018,3,6,2714,2418,54,242,547,0,6.0,0.0,1.4,58.3,46.28612,7.360698346952867,0,0,1,0,0,0,0,0,1,0,1,0,1,0
2018,3,7,2714,2435,41,238,0,0,4.7,12.7,1.4,69.0,43.45057,6.008788266087206,0,0,1,0,0,0,0,0,0,1,1,0,1,0
2018,3,8,2714,2408,38,268,406,0,4.7,38.7,1.7,78.1,42.572693,5.69224518983758,0,0,1,0,0,0,0,1,0,0,1,0,1,0
2018,3,12,2714,2428,69,217,591,0,7.6,0.0,1.1,66.3,47.963512,9.358388325563382,0,0,1,0,0,0,1,0,0,0,1,0,1,0
2018,3,13,2714,2426,39,249,556,0,10.2,0.0,1.2,71.0,51.57858,11.916751195996667,0,0,1,0,0,0,0,0,1,0,1,0,1,0
2018,3,14,2714,2413,56,245,0,0,13.3,0.0,1.3,72.4,56.252708,15.028029746382032,0,0,1,0,0,0,0,0,0,1,1,0,1,0
2018,3,15,2714,2397,47,270,359,0,14.3,43.5,0.8,91.8,57.751726000000005,16.507318623873598,0,0,1,0,0,0,0,1,0,0,1,0,1,0
2018,3,16,2714,2277,135,302,75,0,6.8,3.8,2.3,65.0,46.8888,7.435921534382198,0,0,1,0,0,1,0,0,0,0,1,0,1,0
2018,3,19,2714,2410,80,224,503,0,9.0,40.4,1.6,89.6,48.76056,10.302699922063216,0,0,1,0,0,0,1,0,0,0,1,0,1,0
2018,3,20,2714,2422,46,246,445,0,5.6,1.4,3.6,54.4,46.072736,5.369604786681325,0,0,1,0,0,0,0,0,1,0,1,0,1,0
2018,3,21,2714,2406,45,263,0,0,1.9,9.9,2.2,81.9,37.667839,2.25672846905661,0,0,1,0,0,0,0,0,0,1,1,0,1,0
2018,3,22,2714,2368,56,290,327,0,6.0,0.0,0.9,61.1,46.052040000000005,8.00829703427638,0,0,1,0,0,0,0,1,0,0,1,0,1,0
2018,3,26,2714,2363,125,226,448,0,11.5,0.0,0.9,58.6,53.90681,13.57084277362704,0,0,1,0,0,0,1,0,0,0,1,0,1,0
2018,3,27,2714,2404,52,258,408,0,12.3,0.0,1.1,58.6,55.018922,14.171624562297986,0,0,1,0,0,0,0,0,1,0,1,0,1,0
2018,3,29,2714,2390,51,273,302,0,14.1,0.0,0.9,66.4,57.494576,16.20040985041099,0,0,1,0,0,0,0,1,0,0,1,0,1,0
2018,3,30,2714,2222,196,296,43,0,12.3,0.0,1.3,58.1,55.029537000000005,13.993031065889042,0,0,1,0,0,1,0,0,0,0,1,0,1,0
2018,4,2,2714,2407,83,224,481,0,16.3,0.0,1.3,75.8,60.89544600000001,18.133025787861,0,0,1,0,0,0,1,0,0,0,1,0,1,0
2018,4,4,2714,2383,64,267,0,0,14.1,15.7,1.6,86.3,57.426717,15.652430595984882,0,0,1,0,0,0,0,0,0,1,1,0,1,0
2018,4,5,2714,2360,69,285,378,0,8.9,4.9,1.1,88.6,48.645746,10.68970898678785,0,0,1,0,0,0,0,1,0,0,1,0,1,0
2018,4,9,2714,2375,118,221,523,0,12.9,0.0,1.4,53.8,55.926398000000006,14.536221083855212,0,0,1,0,0,0,1,0,0,0,1,0,1,0
2018,4,10,2714,2392,66,256,420,0,13.6,0.0,1.8,69.6,56.734144,15.005348062784908,0,0,1,0,0,0,0,0,1,0,1,0,1,0
2018,4,11,2714,2452,23,239,0,0,19.1,0.2,2.2,39.1,63.573119000000005,20.683291008720985,0,0,1,0,0,0,0,0,0,1,1,0,1,0
2018,4,16,2714,2396,84,234,484,0,11.5,0.0,1.3,58.4,53.91264,13.165032121494653,0,0,1,0,0,0,1,0,0,0,1,0,1,0
2018,4,17,2714,2414,39,261,413,0,12.8,0.0,1.1,63.6,55.632592,14.683670970461243,0,0,1,0,0,0,0,0,1,0,1,0,1,0
2018,4,18,2714,2397,49,268,0,0,13.4,0.0,1.1,59.3,56.540838,15.298126660257148,0,0,1,0,0,0,0,0,0,1,1,0,1,0
2018,4,19,2714,2328,98,288,285,0,14.5,0.0,1.0,57.9,58.076845000000006,16.511000000000003,0,0,1,0,0,0,0,1,0,0,1,0,1,0
2018,4,20,2714,2217,194,303,42,0,16.4,0.0,1.0,53.4,60.617824,18.4452,0,0,1,0,0,1,0,0,0,0,1,0,1,0
2018,4,23,2714,2390,89,235,440,0,11.2,45.8,1.1,91.6,52.429808,13.04512246433882,0,0,1,0,0,0,1,0,0,0,1,0,1,0
2018,4,24,2714,2380,60,274,360,0,12.4,8.9,1.7,80.1,54.722776,13.801372185000483,0,0,1,0,0,0,0,0,1,0,1,0,1,0
2018,4,25,2714,2363,66,285,0,0,13.4,0.0,1.3,52.8,56.608048,15.13152961443133,0,0,1,0,0,0,0,0,0,1,1,0,1,0
2018,4,26,2714,2352,69,293,266,0,14.2,0.0,0.9,61.4,57.653412,16.30154704567191,0,0,1,0,0,0,0,1,0,0,1,0,1,0
2018,4,27,2714,2205,205,304,40,0,16.1,0.0,1.1,58.3,60.296537,18.063177264338727,0,0,1,0,0,1,0,0,0,0,1,0,1,0
2018,4,30,2714,1888,646,180,107,0,17.7,0.0,1.2,72.1,62.960783,19.6397774775677,0,0,1,0,0,0,1,0,0,0,0,1,1,0
2018,5,2,2721,2364,110,247,0,0,16.3,3.2,1.1,88.6,61.130582,18.26799582760403,0,0,1,0,0,0,0,0,0,1,1,0,1,0
2018,5,4,2721,2196,241,284,57,0,15.1,0.0,2.8,36.1,58.765289,16.157809814732534,0,0,1,0,0,1,0,0,0,0,0,1,1,0
2018,5,8,2721,2357,133,231,590,0,14.9,0.0,2.0,65.1,58.662601,16.277560058778825,0,0,1,0,0,0,0,0,1,0,1,0,1,0
2018,5,10,2721,2350,80,291,369,0,15.8,0.0,1.3,64.8,59.967616,17.615526447614503,0,0,1,0,0,0,0,1,0,0,1,0,1,0
2018,5,11,2721,2242,183,296,48,0,16.5,0.0,1.2,60.3,60.892105,18.40409327251633,0,0,1,0,0,1,0,0,0,0,1,0,1,0
2018,5,14,2721,2392,100,229,490,0,19.0,0.0,1.1,64.4,64.59444,21.033046431685605,0,0,1,0,0,0,1,0,0,0,1,0,1,0
2018,5,15,2721,2385,64,272,457,0,20.4,0.3,1.0,72.4,67.092704,22.517200000000003,0,0,1,0,0,0,0,0,1,0,1,0,1,0
2018,5,17,2721,2372,71,278,343,0,21.6,1.8,1.3,91.6,70.284944,23.61851879447384,0,0,1,0,0,0,0,1,0,0,1,0,1,0
2018,5,18,2721,2274,145,302,29,0,21.2,1.4,1.7,83.0,69.02304,23.068945893758087,0,0,1,0,0,1,0,0,0,0,1,0,1,0
2018,5,21,2721,1716,861,144,139,0,17.2,0.0,1.5,64.0,61.97792,18.95462277181256,0,0,1,0,0,0,1,0,0,0,0,1,1,0
2018,5,24,2721,2376,64,281,379,0,18.9,0.0,1.0,56.5,64.101215,20.9902,0,0,1,0,0,0,0,1,0,0,1,0,1,0
2018,5,25,2721,2292,136,293,70,0,19.2,0.0,0.9,56.3,64.502604,21.35840680871796,0,0,1,0,0,1,0,0,0,0,1,0,1,0
2018,5,28,2721,2408,92,221,495,0,19.0,2.8,0.6,86.3,65.58213,21.393093121118227,0,0,1,0,0,0,1,0,0,0,1,0,1,0
2018,5,29,2721,2390,73,258,422,0,21.9,0.0,0.9,75.8,69.633798,24.08911108076284,0,0,1,0,0,0,0,0,1,0,1,0,1,0
2018,5,31,2721,2348,90,283,242,0,19.7,0.0,1.1,60.3,65.394409,21.74991140311416,0,0,1,0,0,0,0,1,0,0,1,0,1,0
2018,6,1,2728,2257,180,291,55,0,21.4,0.0,1.2,56.6,67.531476,23.44980377647608,0,0,0,1,0,0,1,0,0,0,1,0,1,0
2018,6,4,2728,2355,158,215,519,0,22.2,0.0,1.2,63.9,69.188242,24.27359324651032,0,0,0,1,0,0,1,0,0,0,1,0,1,0
2018,6,5,2728,2332,163,233,253,0,19.8,1.5,0.8,80.8,66.622016,22.02983288444809,0,0,0,1,0,0,0,0,1,0,0,1,1,0
2018,6,7,2728,2276,187,265,379,0,23.2,0.0,1.3,66.9,70.89089200000001,25.27451668326261,0,0,0,1,0,0,0,1,0,0,1,0,1,0
2018,6,8,2728,2188,252,288,65,0,23.5,0.0,1.0,67.5,71.386375,25.673000000000005,0,0,0,1,0,1,0,0,0,0,1,0,1,0
2018,6,11,2728,2380,153,195,490,0,17.7,32.3,1.0,82.8,63.305644,19.768600000000003,0,0,0,1,0,0,1,0,0,0,1,0,1,0
2018,6,12,2728,2338,156,234,249,0,18.5,19.4,0.9,83.0,64.61745,20.65044644189152,0,0,0,1,0,0,0,0,1,0,0,1,1,0
2018,6,14,2728,2278,190,260,381,0,20.1,0.0,1.6,69.1,66.449909,21.9462313888339,0,0,0,1,0,0,0,1,0,0,1,0,1,0
2018,6,18,2728,2412,87,229,335,0,23.0,0.0,1.2,66.4,70.55408,25.09738271654457,0,0,0,1,0,0,1,0,0,0,1,0,1,0
2018,6,19,2728,2413,68,247,415,0,21.3,8.4,0.9,80.8,69.03689600000001,23.48228790919731,0,0,0,1,0,0,0,0,1,0,1,0,1,0
2018,6,20,2728,2398,73,257,0,0,23.2,0.0,1.1,70.6,71.211608,25.33423626025695,0,0,0,1,0,0,0,0,0,1,1,0,1,0
2018,6,22,2728,2245,178,305,50,0,22.6,0.0,0.9,60.1,69.458474,24.79707144758928,0,0,0,1,0,1,0,0,0,0,1,0,1,0
2018,6,27,2728,2385,66,277,0,0,25.0,12.0,1.8,79.5,74.85775000000001,27.056275729642163,0,0,0,1,0,0,0,0,0,1,1,0,1,0
2018,6,28,2728,2359,83,286,234,0,21.9,91.9,1.4,89.5,70.644995,23.89559856677132,0,0,0,1,0,0,0,1,0,0,1,0,1,0
2018,7,4,2704,2373,94,237,0,0,26.4,0.0,1.2,72.9,76.312444,28.5984879641901,0,0,0,1,0,0,0,0,0,1,1,0,1,0
2018,7,5,2704,2341,93,270,234,0,23.5,81.9,0.8,86.4,73.08076,25.74497884156185,0,0,0,1,0,0,0,1,0,0,1,0,1,0
2018,7,6,2704,2221,194,289,36,0,21.2,4.9,1.2,83.8,69.076544,23.24385640896752,0,0,0,1,0,1,0,0,0,0,1,0,1,0
2018,7,9,2704,2337,139,228,300,0,19.3,23.4,0.6,89.4,66.230458,21.68915778246138,0,0,0,1,0,0,1,0,0,0,1,0,1,0
2018,7,12,2704,2332,102,270,244,0,27.0,0.0,1.3,75.6,77.56708,29.207511669135965,0,0,0,1,0,0,0,1,0,0,1,0,1,0
2018,7,13,2704,2202,200,302,29,0,27.5,0.0,1.0,75.0,78.26875,29.745000000000005,0,0,0,1,0,1,0,0,0,0,1,0,1,0
2018,7,16,2704,2355,150,199,318,0,27.9,0.0,1.1,69.5,78.157095,30.14747249699156,0,0,0,1,0,0,1,0,0,0,1,0,1,0
2018,7,17,2704,2337,111,256,307,0,27.3,0.0,1.1,70.9,77.436443,29.533016807195644,0,0,0,1,0,0,0,0,1,0,1,0,1,0
2018,7,18,2704,2342,108,254,0,0,27.9,0.0,1.0,69.1,78.10381100000001,30.152200000000008,0,0,0,1,0,0,0,0,0,1,1,0,1,0
2018,7,19,2704,2306,113,285,265,0,28.1,0.0,0.9,67.4,78.17280600000001,30.359617186939943,0,0,0,1,0,0,0,1,0,0,1,0,1,0
2018,7,20,2704,2140,273,291,49,0,28.6,0.0,0.8,67.0,78.85538,30.865855701367288,0,0,0,1,0,1,0,0,0,0,1,0,1,0
2018,7,24,2704,2271,201,232,392,0,28.8,0.0,1.3,71.8,79.832216,31.07050929402334,0,0,0,1,0,0,0,0,1,0,1,0,1,0
2018,7,25,2704,2222,226,256,1,0,29.4,0.0,1.2,69.0,80.33014,31.68769847681851,0,0,0,1,0,0,0,0,0,1,1,0,1,0
2018,7,26,2704,2167,272,265,299,0,30.6,0.0,1.0,62.6,81.098244,32.900800000000004,0,0,0,1,0,0,0,1,0,0,1,0,1,0
2018,7,27,2704,2030,403,271,59,0,30.0,0.4,1.0,71.1,81.54939999999999,32.290000000000006,0,0,0,1,0,1,0,0,0,0,1,0,1,0
2018,7,31,2704,2043,433,228,287,0,28.4,0.0,1.2,65.1,78.298216,30.657961639275705,0,0,0,1,0,0,0,0,1,0,1,0,1,0
2018,8,2,2996,2219,548,229,209,0,29.4,0.0,1.6,61.9,79.278914,31.70162261774988,0,0,0,1,0,0,0,1,0,0,1,0,1,0
2018,8,3,2996,2089,665,242,34,0,28.9,0.0,1.3,67.4,79.354614,31.174009162072643,0,0,0,1,0,1,0,0,0,0,1,0,1,0
2018,8,7,2996,2321,469,206,366,0,28.4,0.1,1.2,73.9,79.514024,30.657961639275705,0,0,0,1,0,0,0,0,1,0,1,0,1,0
2018,8,14,2996,2228,551,217,153,0,29.1,0.0,1.0,65.0,79.30185,31.373800000000003,0,0,0,1,0,0,0,0,1,0,0,1,1,0
2018,8,17,2996,2221,530,245,30,0,24.2,0.0,1.7,60.1,71.706458,26.22834602174364,0,0,0,1,0,1,0,0,0,0,1,0,1,0
2018,8,20,2996,2586,204,206,475,0,24.8,0.0,1.0,68.5,73.41062,26.996400000000005,0,0,0,1,0,0,1,0,0,0,1,0,1,0
2018,8,22,2996,2611,147,238,0,0,28.9,0.0,2.4,62.4,78.63906399999999,31.183559492246136,0,0,0,1,0,0,0,0,0,1,1,0,1,0
2018,8,23,2996,2601,132,263,289,0,26.4,17.7,3.1,79.5,77.09361999999999,28.44612382173345,0,0,0,1,0,0,0,1,0,0,1,0,1,0
2018,8,24,2996,2493,219,284,46,0,27.8,5.4,3.2,66.5,77.61063,29.979360589736345,0,0,0,1,0,1,0,0,0,0,1,0,1,0
2018,8,27,2996,2632,138,226,492,0,23.7,46.0,0.5,92.4,73.963612,26.08371028631265,0,0,0,1,0,0,1,0,0,0,1,0,1,0
2018,8,29,2996,2635,103,258,0,0,26.4,0.0,1.1,76.6,76.75037599999999,28.61133327250178,0,0,0,1,0,0,0,0,0,1,1,0,1,0
2018,8,30,2996,2626,106,264,304,0,26.6,6.0,1.3,79.3,77.38896199999999,28.79351219693877,0,0,0,1,0,0,0,1,0,0,1,0,1,0
2018,8,31,2996,2491,216,289,70,0,24.3,31.6,1.2,85.9,74.364263,26.43604060535021,0,0,0,1,0,1,0,0,0,0,1,0,1,0
2018,9,3,2763,2408,122,233,393,0,23.4,58.1,0.6,87.9,73.047214,25.73537482081773,0,1,0,0,0,0,1,0,0,0,1,0,1,0
2018,9,4,2763,2410,91,262,404,0,24.2,33.3,1.5,67.6,72.430808,26.266650703954937,0,1,0,0,0,0,0,0,1,0,1,0,1,0
2018,9,7,2763,2296,164,303,56,0,21.1,3.7,0.9,81.5,68.761035,23.280013518675467,0,1,0,0,0,1,0,0,0,0,1,0,1,0
2018,9,10,2763,2421,99,243,343,0,20.3,0.0,1.2,62.8,66.383516,22.317093255179,0,1,0,0,0,0,1,0,0,0,1,0,1,0
2018,9,12,2763,2390,73,300,0,0,22.0,0.0,1.0,70.0,69.356,24.146,0,1,0,0,0,0,0,0,0,1,1,0,1,0
2018,9,13,2763,2390,67,306,297,0,20.7,10.2,0.4,84.6,68.30627799999999,23.25385149261659,0,1,0,0,0,0,0,1,0,0,1,0,1,0
2018,9,17,2763,2420,91,252,465,0,23.1,0.0,0.3,75.4,71.472026,25.653179764729355,0,1,0,0,0,0,1,0,0,0,1,0,1,0
2018,9,18,2763,2407,67,289,446,0,22.8,0.0,0.8,72.0,70.72384,25.042113390216,0,1,0,0,0,0,0,0,1,0,1,0,1,0
2018,9,19,2763,2398,77,288,0,0,20.6,0.2,0.5,78.1,67.74541400000001,23.05694022038154,0,1,0,0,0,0,0,0,0,1,1,0,1,0
2018,9,20,2763,2393,93,277,385,0,20.3,10.1,0.6,89.3,67.91972100000001,22.676039986938537,0,1,0,0,0,0,0,1,0,0,1,0,1,0
2018,9,21,2763,2262,260,241,51,0,19.4,18.3,0.6,89.8,66.419588,21.78784600290909,0,1,0,0,0,1,0,0,0,0,0,1,1,0
2018,10,8,2805,2148,424,233,216,0,15.5,0.0,0.9,62.3,59.506035,17.616330584063885,0,1,0,0,0,0,1,0,0,0,0,1,1,0
2018,10,10,2805,2493,80,232,1044,0,15.0,0.0,1.2,60.0,58.78,16.859488016202132,0,1,0,0,0,0,0,0,0,1,1,0,1,0
2018,10,11,2805,2498,67,240,430,0,12.0,0.0,1.3,47.8,54.863240000000005,13.682531461741146,0,1,0,0,0,0,0,1,0,0,1,0,1,0
2018,10,15,2805,2461,101,243,268,0,14.3,0.0,0.5,71.9,57.780183,16.90576234445701,0,1,0,0,0,0,1,0,0,0,1,0,1,0
2018,10,16,2805,2469,63,273,315,0,11.8,0.0,0.4,80.0,53.7636,14.674867584482085,0,1,0,0,0,0,0,0,1,0,1,0,1,0
2018,10,17,2805,2443,68,294,0,0,12.3,0.0,0.3,73.1,54.711087,15.40909644316708,0,1,0,0,0,0,0,0,0,1,1,0,1,0
2018,10,22,2805,2428,141,236,290,0,12.6,0.0,0.3,75.0,55.1365,15.693654313210477,0,1,0,0,0,0,1,0,0,0,1,0,1,0
2018,10,23,2805,2455,73,277,243,0,13.8,0.0,0.4,77.4,56.984188,16.602729136871858,0,1,0,0,0,0,0,0,1,0,1,0,1,0
2018,10,24,2805,2424,82,299,1,0,11.8,0.0,0.4,71.4,53.988748,14.674867584482085,0,1,0,0,0,0,0,0,0,1,1,0,1,0
2018,10,25,2805,2380,110,315,158,0,11.3,0.0,0.5,69.4,53.292578000000006,13.976630022588187,0,1,0,0,0,0,0,1,0,0,1,0,1,0
2018,10,29,2805,2400,155,250,316,0,10.4,0.1,1.1,75.8,51.688968,12.225848211277617,0,1,0,0,0,0,1,0,0,0,1,0,1,0
2018,11,1,2815,2427,89,299,172,0,6.8,0.0,0.5,68.8,46.601216,9.582931539784951,0,1,0,0,0,0,0,1,0,0,1,0,1,0
2018,11,2,2815,2305,211,299,43,0,7.6,0.0,0.5,64.4,48.092256,10.364033492283305,0,1,0,0,0,1,0,0,0,0,1,0,1,0
2018,11,6,2815,2477,69,269,393,0,10.9,0.0,0.2,74.9,52.500759,14.446314390643632,0,1,0,0,0,0,0,0,1,0,1,0,1,0
2018,11,7,2815,2448,68,299,0,0,12.8,0.5,0.3,82.3,55.32815600000001,15.883359559906076,0,1,0,0,0,0,0,0,0,1,1,0,1,0
2018,11,8,2815,2458,72,285,305,0,14.0,19.5,0.9,88.6,57.25016,16.099272655150067,0,1,0,0,0,0,0,1,0,0,1,0,1,0
2018,11,9,2815,2328,185,302,38,0,12.7,0.0,1.9,62.4,55.509352,13.993496496439056,0,1,0,0,0,1,0,0,0,0,1,0,1,0
2018,11,12,2815,2464,123,228,401,0,10.6,1.5,0.8,75.4,52.016276,12.792172666759846,0,1,0,0,0,0,1,0,0,0,1,0,1,0
2018,11,13,2815,2444,91,280,328,0,9.5,0.0,0.5,77.0,50.22585,12.219150629466892,0,1,0,0,0,0,0,0,1,0,1,0,1,0
2018,11,15,2815,2386,147,282,291,0,8.7,0.0,0.4,74.9,49.087437,11.686682178277929,0,1,0,0,0,0,0,1,0,0,1,0,1,0
2018,11,16,2815,2269,251,295,59,0,8.6,1.0,0.3,87.0,48.23218,11.89954937929852,0,1,0,0,0,1,0,0,0,0,1,0,1,0
2018,11,19,2815,2467,118,230,416,0,7.1,0.0,0.6,62.6,47.499354,9.649194887840032,0,1,0,0,0,0,1,0,0,0,1,0,1,0
2018,11,20,2815,2467,70,278,344,0,5.6,0.0,0.6,60.3,45.556132,8.168871581124293,0,1,0,0,0,0,0,0,1,0,1,0,1,0
2018,11,21,2815,2444,81,290,0,0,5.9,0.0,0.4,63.4,45.715994,8.987676004932244,0,1,0,0,0,0,0,0,0,1,1,0,1,0
2018,11,22,2815,2448,80,287,325,0,5.4,0.0,1.8,42.0,46.91332,6.337136933992842,0,1,0,0,0,0,0,1,0,0,1,0,1,0
2018,11,23,2815,2288,222,305,57,0,2.8,0.0,0.8,56.1,42.100792,4.960243351763291,0,1,0,0,0,1,0,0,0,0,1,0,1,0
2018,11,26,2815,2493,107,215,447,0,5.2,0.0,0.5,77.3,43.437504,8.020727634788248,0,1,0,0,0,0,1,0,0,0,1,0,1,0
2018,11,27,2815,2491,60,264,418,0,6.6,0.0,0.4,73.4,45.945756,9.66242754826866,0,1,0,0,0,0,0,0,1,0,1,0,1,0
2018,11,28,2815,2448,69,298,1,0,5.9,0.0,0.7,58.1,46.164321,8.257131531537125,0,1,0,0,0,0,0,0,0,1,1,0,1,0
2018,11,29,2815,2436,86,293,354,0,5.0,0.0,0.4,53.1,45.38515,8.120138306356841,0,1,0,0,0,0,0,1,0,0,1,0,1,0
2018,11,30,2815,2305,196,314,60,0,5.7,0.0,0.5,67.9,45.038897,8.508916355099718,0,1,0,0,0,1,0,0,0,0,1,0,1,0
2018,12,3,2846,2579,80,187,798,0,12.8,9.5,0.3,90.9,55.188148,15.883359559906076,0,0,0,0,1,0,1,0,0,0,1,0,1,0
2018,12,4,2846,2536,64,246,802,0,13.3,12.0,1.1,68.0,56.30256,15.195717378624495,0,0,0,0,1,0,0,0,1,0,1,0,1,0
2018,12,5,2846,2505,87,254,0,0,7.3,0.0,1.1,41.1,49.305997000000005,9.051160480665429,0,0,0,0,1,0,0,0,0,1,1,0,1,0
2018,12,6,2846,2490,90,266,589,0,5.8,2.5,1.0,69.4,45.058748,7.654399999999999,0,0,0,0,1,0,0,1,0,0,1,0,1,0
2018,12,7,2846,2364,182,300,83,0,0.2,0.0,3.1,33.8,41.695524,-0.2869755828391322,0,0,0,0,1,1,0,0,0,0,1,0,1,0
2018,12,10,2846,2544,98,204,863,0,-1.7,0.0,0.6,42.1,38.194157,0.964631488441028,0,0,0,0,1,0,1,0,0,0,1,0,1,0
2018,12,11,2846,2527,69,250,716,0,2.0,1.5,0.5,78.1,38.29808,4.896319824794835,0,0,0,0,1,0,0,0,1,0,1,0,1,0
2018,12,12,2846,2509,75,262,0,0,1.2,0.0,1.7,51.3,40.545544,2.006278373854444,0,0,0,0,1,0,0,0,0,1,1,0,1,0
2018,12,14,2846,2409,160,277,113,0,-0.1,0.0,1.0,44.9,39.753849,1.6481999999999992,0,0,0,0,1,1,0,0,0,0,1,0,1,0
2018,12,17,2846,2555,90,201,602,0,2.2,0.0,0.9,72.3,39.317794,4.165083614361377,0,0,0,0,1,0,1,0,0,0,1,0,1,0
2018,12,19,2846,2504,86,256,0,0,4.6,0.0,0.8,64.6,43.730084,6.767611655224035,0,0,0,0,1,0,0,0,0,1,1,0,1,0
2018,12,20,2846,2498,106,242,235,0,4.4,0.0,0.4,74.9,42.415944,7.541779840639909,0,0,0,0,1,0,0,1,0,0,1,0,1,0
2018,12,21,2846,2410,175,261,163,0,4.8,0.0,0.5,78.5,42.69282,7.630176658539072,0,0,0,0,1,1,0,0,0,0,1,0,1,0
2018,12,24,2846,1793,894,159,26,0,1.0,0.0,0.8,46.4,40.934160000000006,3.1528750483025463,0,0,0,0,1,0,1,0,0,0,0,1,1,0
2018,12,26,2846,2421,184,241,0,0,5.3,0.0,1.5,33.4,47.569298,6.52417528717052,0,0,0,0,1,0,0,0,0,1,1,0,1,0
2018,12,27,2846,2411,182,253,132,0,-0.6,0.0,2.7,16.5,43.35649,-0.8601968844284831,0,0,0,0,1,0,0,1,0,0,1,0,1,0
2018,12,28,2846,2267,315,264,18,0,-3.8,0.0,2.0,28.3,38.110454,-3.628671290814557,0,0,0,0,1,1,0,0,0,0,1,0,1,0
2018,12,31,2846,1629,1085,132,28,0,-1.2,0.0,0.6,37.1,39.581952,1.4580725906796064,0,0,0,0,1,0,1,0,0,0,0,1,1,0
2019,1,3,2985,2658,120,207,444,0,-1.8,0.0,0.4,50.0,36.801,1.565409028231601,0,0,0,0,1,0,0,1,0,0,1,0,1,0
2019,1,7,2985,2661,113,211,439,0,0.1,0.0,0.6,44.0,40.13256,2.741019456499916,0,0,0,0,1,0,1,0,0,0,1,0,1,0
2019,1,8,2985,2664,98,223,444,0,0.8,0.0,1.3,44.0,41.00448,2.090546240219681,0,0,0,0,1,0,0,0,1,0,1,0,1,0
2019,1,9,2985,2675,85,225,0,0,-0.4,0.0,1.0,38.8,40.273952,1.3428000000000002,0,0,0,0,1,0,0,0,0,1,1,0,1,0
2019,1,10,2985,2648,94,243,363,0,2.5,0.0,1.3,47.4,42.71995,3.8500439970577616,0,0,0,0,1,0,0,1,0,0,1,0,1,0
2019,1,14,2985,2700,99,186,487,0,1.2,0.0,0.4,65.9,38.631192,4.457201356816267,0,0,0,0,1,0,1,0,0,0,1,0,1,0
2019,1,15,2985,2691,71,223,417,0,2.2,0.0,1.2,55.9,41.305802,3.678856495654235,0,0,0,0,1,0,0,0,1,0,1,0,1,0
2019,1,16,2985,2677,80,228,0,0,-0.8,0.0,1.5,30.1,41.109308,0.1522652320178774,0,0,0,0,1,0,0,0,0,1,1,0,1,0
2019,1,17,2985,2667,71,247,326,0,0.0,0.0,1.2,51.5,38.9355,1.4134354530600657,0,0,0,0,1,0,0,1,0,0,1,0,1,0
2019,1,18,2985,2513,196,276,1,0,0.7,0.0,0.5,56.6,39.165438,3.627029151985012,0,0,0,0,1,1,0,0,0,0,1,0,1,0
2019,1,21,2985,2672,114,199,468,0,-0.5,0.0,0.7,55.1,37.742955,1.8826925902016247,0,0,0,0,1,0,1,0,0,0,1,0,1,0
2019,1,22,2985,2682,73,230,436,0,0.5,0.0,0.6,62.3,38.104485,3.1357723382907787,0,0,0,0,1,0,0,0,1,0,1,0,1,0
2019,1,23,2985,2675,86,224,0,0,1.7,0.0,0.7,55.8,40.636714,4.073905976285702,0,0,0,0,1,0,0,0,0,1,1,0,1,0
2019,1,24,2985,2653,91,241,401,0,0.8,0.0,0.6,50.9,40.072428,3.431836999633925,0,0,0,0,1,0,0,1,0,0,1,0,1,0
2019,1,25,2985,2532,186,267,1,0,0.4,0.0,1.4,45.1,40.353296,1.5370856909161774,0,0,0,0,1,1,0,0,0,0,1,0,1,0
2019,1,28,2985,2688,94,203,426,0,1.7,0.0,1.6,44.9,42.011967,2.645242290763574,0,0,0,0,1,0,1,0,0,0,1,0,1,0
2019,1,29,2985,2705,61,219,385,0,0.1,0.0,0.7,49.5,39.351505,2.480296240951829,0,0,0,0,1,0,0,0,1,0,1,0,1,0
2019,1,30,2985,2693,66,226,1,0,3.8,0.0,0.6,46.5,44.47783,6.392483613065405,0,0,0,0,1,0,0,0,0,1,1,0,1,0
2019,2,11,2806,2580,67,159,758,0,1.1,0.0,1.8,34.4,42.646416,1.7916115859677364,0,0,0,0,1,0,1,0,0,0,1,0,1,0
2019,2,12,2806,2515,51,240,648,0,0.9,0.0,0.7,48.0,40.59268,3.2771011086187656,0,0,0,0,1,0,0,0,1,0,1,0,1,0
2019,2,13,2806,2514,61,231,0,0,3.2,0.0,1.4,34.1,45.095988000000006,4.448892018934521,0,0,0,0,1,0,0,0,0,1,1,0,1,0
2019,2,15,2806,2369,159,278,1,0,4.1,0.0,0.8,52.3,44.264957,6.265564904262717,0,0,0,0,1,1,0,0,0,0,1,0,1,0
2019,2,18,2806,2507,104,195,728,0,2.3,0.0,0.5,44.0,42.87288,5.189233056981719,0,0,0,0,1,0,1,0,0,0,1,0,1,0
2019,2,20,2806,2500,65,241,0,0,4.5,0.0,1.3,58.5,44.185675,5.920041358043738,0,0,0,0,1,0,0,0,0,1,1,0,1,0
2019,2,21,2806,2456,81,269,540,0,4.0,0.0,0.9,57.8,43.56348,5.985553129057957,0,0,0,0,1,0,0,1,0,0,1,0,1,0
2019,2,22,2806,2327,178,301,1,0,4.2,0.0,0.4,64.0,43.21112,7.348993685400931,0,0,0,0,1,1,0,0,0,0,1,0,1,0
2019,2,25,2806,2470,122,214,752,0,6.9,0.0,0.6,56.0,47.70636,9.451818446944598,0,0,0,0,1,0,1,0,0,0,1,0,1,0
2019,2,26,2806,2458,109,239,644,0,6.6,0.0,0.8,49.4,47.809596,8.775798659069304,0,0,0,0,1,0,0,0,1,0,1,0,1,0
2019,2,27,2806,2432,100,274,0,0,7.9,0.5,0.8,67.8,48.306238,10.081120211568733,0,0,0,0,1,0,0,0,0,1,1,0,1,0
2019,2,28,2806,2281,254,271,116,0,8.5,0.5,0.8,64.6,49.38329,10.683576312722312,0,0,0,0,1,0,0,1,0,0,0,1,1,0
2019,3,5,2836,2539,67,230,736,0,8.9,0.0,0.7,65.8,49.897238,11.245149785288138,0,0,1,0,0,0,0,0,1,0,1,0,1,0
2019,3,6,2836,2542,56,238,0,0,9.2,2.0,0.8,80.5,49.57244,11.38644176406816,0,0,1,0,0,0,0,0,0,1,1,0,1,0
2019,3,7,2836,2526,45,265,589,0,7.5,0.0,1.2,62.8,48.057500000000005,9.136461734631098,0,0,1,0,0,0,0,1,0,0,1,0,1,0
2019,3,8,2836,2406,130,300,4,0,6.7,0.0,0.8,65.8,46.682114,8.876208009261571,0,0,1,0,0,1,0,0,0,0,1,0,1,0
2019,3,11,2836,2550,81,205,690,0,6.8,0.0,1.3,79.9,45.761168,8.300538323177609,0,0,1,0,0,0,1,0,0,0,1,0,1,0
2019,3,13,2836,2531,61,244,0,0,4.5,0.0,2.2,38.4,46.16452,5.042139085517505,0,0,1,0,0,0,0,0,0,1,1,0,1,0
2019,3,15,2836,2358,174,304,4,0,5.1,0.0,1.6,65.4,44.380846,6.211729406711351,0,0,1,0,0,1,0,0,0,0,1,0,1,0
2019,3,18,2836,2512,107,217,607,0,8.1,0.0,1.0,63.9,48.847441,9.995800000000004,0,0,1,0,0,0,1,0,0,0,1,0,1,0
2019,3,19,2836,2516,72,248,553,0,11.6,0.0,0.9,59.6,54.017664,13.67197996888796,0,0,1,0,0,0,0,0,1,0,1,0,1,0
2019,3,20,2836,2498,77,261,0,0,11.2,19.0,0.7,81.4,52.757432,13.53596377983058,0,0,1,0,0,0,0,0,0,1,1,0,1,0
2019,3,21,2836,2495,81,260,457,0,14.6,0.0,2.0,58.4,58.215936,15.958208753705131,0,0,1,0,0,0,0,1,0,0,1,0,1,0
2019,3,22,2836,2373,168,295,3,0,9.3,0.0,1.8,40.9,51.749963,10.4598227147598,0,0,1,0,0,1,0,0,0,0,1,0,1,0
2019,3,25,2836,2493,111,232,585,0,6.0,0.0,0.9,64.9,45.73436,8.00829703427638,0,0,1,0,0,0,1,0,0,0,1,0,1,0
2019,3,26,2836,2501,83,252,525,0,9.7,0.0,0.8,59.8,51.348194,11.888488515029476,0,0,1,0,0,0,0,0,1,0,1,0,1,0
2019,3,27,2836,2485,92,259,0,0,12.3,0.0,1.6,55.5,55.084735,13.764290358130175,0,0,1,0,0,0,0,0,0,1,1,0,1,0
2019,3,28,2836,2470,84,282,522,0,12.8,0.0,1.1,68.0,55.56096,14.683670970461243,0,0,1,0,0,0,0,1,0,0,1,0,1,0
2019,3,29,2836,2296,239,301,1,0,12.7,0.0,0.9,77.0,55.25721,14.784489116758092,0,0,1,0,0,1,0,0,0,0,1,0,1,0
2019,4,1,2822,2499,126,197,611,0,6.3,0.0,1.6,42.1,48.008477,7.470489565281158,0,0,1,0,0,0,1,0,0,0,1,0,1,0
2019,4,3,2822,2480,59,283,0,0,8.8,0.0,1.3,33.0,51.583960000000005,10.370535684163585,0,0,1,0,0,0,0,0,0,1,1,0,1,0
2019,4,4,2822,2474,60,288,429,0,10.9,0.0,1.4,40.3,53.714873,12.456359420984969,0,0,1,0,0,0,0,1,0,0,1,0,1,0
2019,4,5,2822,2334,185,303,1,0,12.8,0.0,1.4,48.8,55.873536,14.432228000711705,0,0,1,0,0,1,0,0,0,0,1,0,1,0
2019,4,8,2822,2496,104,222,592,0,14.3,0.0,1.2,67.9,57.785903000000005,16.138672229922165,0,0,1,0,0,0,1,0,0,0,1,0,1,0
2019,4,12,2822,2379,155,288,0,0,10.9,0.0,1.0,63.9,52.886749,12.8462,0,0,1,0,0,1,0,0,0,0,1,0,1,0
2019,4,15,2822,2531,113,178,609,0,11.3,0.0,1.1,52.8,53.809336,13.147531745971474,0,0,1,0,0,0,1,0,0,0,1,0,1,0
2019,4,16,2822,2534,54,234,552,0,13.1,0.0,0.9,54.5,56.185605,15.189037897801777,0,0,1,0,0,0,0,0,1,0,1,0,1,0
2019,4,18,2822,2465,76,281,458,0,14.8,0.0,1.1,72.0,58.54144,16.731856603114263,0,0,1,0,0,0,0,1,0,0,1,0,1,0
2019,4,19,2822,2298,230,294,1,0,12.7,0.0,0.8,82.0,55.170860000000005,14.900769020797382,0,0,1,0,0,1,0,0,0,0,1,0,1,0
2019,4,22,2822,2460,109,253,533,0,17.5,0.0,0.9,73.5,62.698375,19.639074489282308,0,0,1,0,0,0,1,0,0,0,1,0,1,0
2019,4,23,2822,2490,60,272,576,0,14.7,8.3,0.4,90.1,58.434953,17.47026683544726,0,0,1,0,0,0,0,0,1,0,1,0,1,0
2019,4,25,2822,2443,85,294,452,0,15.2,11.1,0.7,95.4,59.325592,17.519988118165266,0,0,1,0,0,0,0,1,0,0,1,0,1,0
2019,4,26,2822,2310,215,297,0,0,12.3,0.0,1.3,80.1,54.562477,13.993031065889042,0,0,1,0,0,1,0,0,0,0,1,0,1,0
2019,4,30,2822,2372,152,298,290,0,15.7,0.0,1.0,85.0,60.07355,17.7326,0,0,1,0,0,0,0,0,1,0,0,1,1,0
2019,5,3,2825,2201,348,276,1,0,16.2,0.0,1.1,55.5,60.38659,18.16558654597137,0,0,1,0,0,1,0,0,0,0,0,1,1,0
2019,5,7,2825,2419,135,271,606,0,14.6,0.0,1.2,58.0,58.215320000000006,16.447593281185007,0,0,1,0,0,0,0,0,1,0,1,0,1,0
2019,5,10,2825,2357,166,302,0,0,16.7,0.0,0.9,56.9,61.097577,18.82997692719493,0,0,1,0,0,1,0,0,0,0,1,0,1,0
2019,5,13,2825,2475,119,231,599,0,17.8,0.0,1.0,65.5,62.89391,19.870400000000004,0,0,1,0,0,0,1,0,0,0,1,0,1,0
2019,5,14,2825,2493,76,256,601,0,21.0,0.0,1.2,72.0,67.9828,23.03790904145896,0,0,1,0,0,0,0,0,1,0,1,0,1,0
2019,5,15,2825,2472,69,284,0,0,20.3,0.0,0.9,70.3,66.818291,22.4709159565881,0,0,1,0,0,0,0,0,0,1,1,0,1,0
2019,5,16,2825,2470,72,283,482,0,20.8,0.0,0.8,64.8,67.225216,23.03392638637073,0,0,1,0,0,0,0,1,0,0,1,0,1,0
2019,5,17,2825,2310,224,291,1,0,20.7,4.7,1.3,67.5,67.247275,22.687019982030144,0,0,1,0,0,1,0,0,0,0,1,0,1,0
2019,5,20,2825,2502,100,223,602,0,17.5,0.4,1.4,67.8,62.52595,19.31990290845678,0,0,1,0,0,0,1,0,0,0,1,0,1,0
2019,5,21,2825,2482,64,279,563,0,17.6,0.0,1.3,46.9,62.021156000000005,19.47852407250188,0,0,1,0,0,0,0,0,1,0,1,0,1,0
2019,5,22,2825,2493,60,272,0,0,18.7,0.0,1.2,57.0,63.84841,20.669514315110504,0,0,1,0,0,0,0,0,0,1,1,0,1,0
2019,5,23,2825,2462,61,302,447,0,21.1,0.0,1.0,61.3,67.430057,23.229800000000004,0,0,1,0,0,0,0,1,0,0,1,0,1,0
2019,5,28,2825,2542,54,229,632,0,18.8,0.0,1.5,50.8,63.718496,20.62594344201653,0,0,1,0,0,0,0,0,1,0,1,0,1,0
2019,5,29,2825,2538,50,237,0,0,19.7,0.0,1.1,54.1,65.071823,21.74991140311416,0,0,1,0,0,0,0,0,0,1,1,0,1,0
2019,5,30,2825,2494,73,258,517,0,20.3,0.0,1.1,54.4,65.896568,22.364367092910072,0,0,1,0,0,0,0,1,0,0,1,0,1,0
2019,5,31,2825,2355,179,291,0,0,17.1,1.2,1.1,76.3,62.156927,19.087270080665235,0,0,1,0,0,1,0,0,0,0,1,0,1,0
2019,6,3,2758,2446,87,225,702,0,21.5,0.0,1.0,64.9,68.248265,23.637,0,0,0,1,0,0,1,0,0,0,1,0,1,0
2019,6,5,2758,2367,144,247,0,0,23.9,0.0,0.9,65.9,71.827899,26.111854985981253,0,0,0,1,0,0,0,0,0,1,0,1,1,0
2019,6,7,2758,1649,890,219,3,0,19.0,15.8,0.7,89.3,65.71743000000001,21.304811239583216,0,0,0,1,0,1,0,0,0,0,1,0,1,0
2019,6,10,2758,2408,114,236,673,0,19.2,0.3,1.3,72.4,65.260592,21.13452196129065,0,0,0,1,0,0,1,0,0,0,1,0,1,0
2019,6,12,2758,2420,60,278,0,0,20.7,0.0,1.1,71.8,67.513574,22.77400421944068,0,0,0,1,0,0,0,0,0,1,1,0,1,0
2019,6,14,2758,2270,193,295,4,0,19.1,2.7,0.6,82.9,65.591861,21.491781341565947,0,0,0,1,0,1,0,0,0,0,1,0,1,0
2019,6,17,2758,2423,95,240,640,0,21.9,0.0,1.2,73.9,69.493559,23.96467219524748,0,0,0,1,0,0,1,0,0,0,1,0,1,0
2019,6,18,2758,2429,65,264,558,0,22.3,0.0,0.9,76.0,70.27351999999999,24.49365986180652,0,0,0,1,0,0,0,0,1,0,1,0,1,0
2019,6,19,2758,2420,78,260,0,0,22.8,0.0,1.0,77.6,71.187072,24.9604,0,0,0,1,0,0,0,0,0,1,1,0,1,0
2019,6,20,2758,2377,90,291,444,0,24.2,0.0,1.1,72.3,72.88473400000001,26.35832907658346,0,0,0,1,0,0,0,1,0,0,1,0,1,0
2019,6,21,2758,2276,188,294,0,0,24.4,0.0,1.1,69.9,72.953344,26.56314763984876,0,0,0,1,0,1,0,0,0,0,1,0,1,0
2019,6,24,2758,2444,101,213,692,0,21.9,0.0,1.1,76.3,69.670703,24.002915599032484,0,0,0,1,0,0,1,0,0,0,1,0,1,0
2019,6,26,2758,2407,69,282,0,0,18.5,93.7,0.5,93.4,65.03501,21.006547595073364,0,0,0,1,0,0,0,0,0,1,1,0,1,0
2019,6,27,2758,2393,85,280,478,0,23.9,40.0,0.7,88.5,73.943485,26.185241054043203,0,0,0,1,0,0,0,1,0,0,1,0,1,0
2019,7,1,2760,2427,115,218,512,0,23.8,0.3,0.7,87.1,73.64520200000001,26.085640445584843,0,0,0,1,0,0,1,0,0,0,1,0,1,0
2019,7,2,2760,2436,87,237,490,0,24.0,0.0,0.9,78.0,73.1188,26.21299218124218,0,0,0,1,0,0,0,0,1,0,1,0,1,0
2019,7,3,2760,2413,82,265,0,0,23.1,0.0,0.8,81.9,72.029011,25.34334144079279,0,0,0,1,0,0,0,0,0,1,1,0,1,0
2019,7,4,2760,2356,95,309,434,0,24.5,0.0,0.8,72.3,73.342465,26.74907234348448,0,0,0,1,0,0,0,1,0,0,1,0,1,0
2019,7,5,2760,2261,210,289,0,0,24.8,0.0,0.8,74.6,74.035992,27.05030039406127,0,0,0,1,0,1,0,0,0,0,1,0,1,0
2019,7,8,2760,2328,155,277,536,0,23.1,0.0,1.3,65.6,70.632264,25.17101681521332,0,0,0,1,0,0,1,0,0,0,1,0,1,0
2019,7,9,2760,2410,75,275,466,0,23.0,0.0,1.4,67.1,70.61337,25.039522481349955,0,0,0,1,0,0,0,0,1,0,1,0,1,0
2019,7,11,2760,2357,102,301,371,0,24.2,0.1,1.3,80.5,73.67669000000001,26.3095153637556,0,0,0,1,0,0,0,1,0,0,1,0,1,0
2019,7,12,2760,2210,244,306,0,0,24.3,0.0,1.1,73.4,73.144638,26.460738358216112,0,0,0,1,0,1,0,0,0,0,1,0,1,0
2019,7,15,2760,2384,144,232,396,0,24.1,5.1,0.9,79.1,73.382169,26.314129376503104,0,0,0,1,0,0,1,0,0,0,1,0,1,0
2019,7,16,2760,2433,100,227,426,0,23.7,4.8,0.9,81.1,72.928193,25.909580595459413,0,0,0,1,0,0,0,0,1,0,1,0,1,0
2019,7,17,2760,2405,96,259,0,0,24.4,2.0,0.9,78.0,73.75168,26.61754096228585,0,0,0,1,0,0,0,0,0,1,1,0,1,0
2019,7,19,2760,2233,236,291,0,0,23.5,30.7,0.7,94.5,73.806925,25.786838620209743,0,0,0,1,0,1,0,0,0,0,1,0,1,0
2019,7,23,2760,2308,206,246,449,0,27.3,0.0,1.2,82.5,78.912775,29.525251117978623,0,0,0,1,0,0,0,0,1,0,1,0,1,0
2019,7,24,2760,2284,224,252,0,0,26.3,0.0,1.2,86.3,77.732031,28.49551428043582,0,0,0,1,0,0,0,0,0,1,1,0,1,0
2019,7,25,2760,2205,276,279,347,0,26.6,0.0,0.9,88.6,78.50812400000001,28.842559258026128,0,0,0,1,0,0,0,1,0,0,1,0,1,0
2019,7,26,2760,2084,396,280,1,0,27.1,0.0,1.1,87.3,79.188817,29.328198243930345,0,0,0,1,0,1,0,0,0,0,1,0,1,0
2019,7,30,2760,2113,434,213,382,0,28.5,0.0,1.4,80.4,80.57266000000001,30.759142054243128,0,0,0,1,0,0,0,0,1,0,1,0,1,0
2019,7,31,2760,2034,495,231,0,0,28.8,0.0,1.5,79.3,80.898116,31.071697630791355,0,0,0,1,0,0,0,0,0,1,1,0,1,0
2019,8,1,3305,2540,546,219,285,0,28.4,0.0,1.1,78.6,80.163376,30.659518905154805,0,0,0,1,0,0,0,1,0,0,1,0,1,0
2019,8,5,3305,2660,462,183,392,0,29.0,0.0,0.7,75.4,80.65514,31.26487208541993,0,0,0,1,0,0,1,0,0,0,1,0,1,0
2019,8,6,3305,2675,427,203,392,0,26.5,7.3,1.3,78.8,77.16978,28.69001232888948,0,0,0,1,0,0,0,0,1,0,1,0,1,0
2019,8,7,3305,2651,421,233,1,0,27.7,0.0,1.2,80.6,79.314138,29.93714585299574,0,0,0,1,0,0,0,0,0,1,1,0,1,0
2019,8,9,3305,2548,496,261,3,0,28.4,0.0,0.7,76.9,79.928504,30.66726843466973,0,0,0,1,0,1,0,0,0,0,1,0,1,0
2019,8,12,3305,2703,394,208,424,0,28.2,0.2,1.4,79.5,79.96831,30.4471628048126,0,0,0,1,0,0,1,0,0,0,1,0,1,0
2019,8,13,3305,2706,345,254,411,0,28.6,2.2,0.7,81.1,80.831354,30.866469651586463,0,0,0,1,0,0,0,0,1,0,1,0,1,0
2019,8,14,3305,2629,430,246,2,0,29.4,0.6,1.6,71.8,80.744708,31.70162261774988,0,0,0,1,0,0,0,0,0,1,0,1,1,0
2019,8,16,3305,2071,1026,208,7,0,27.8,0.0,1.9,71.4,78.258508,30.012837710174253,0,0,0,1,0,1,0,0,0,0,1,0,1,0
2019,8,19,3305,2829,264,212,569,0,25.7,0.0,0.7,74.6,75.429678,27.97805200629381,0,0,0,1,0,0,1,0,0,0,1,0,1,0
2019,8,20,3305,2845,205,255,534,0,26.9,0.2,1.0,72.0,76.96732,29.1342,0,0,0,1,0,0,0,0,1,0,1,0,1,0
2019,8,21,3305,2826,214,265,0,0,25.7,13.3,0.6,82.8,76.34340399999999,28.0052038911152,0,0,0,1,0,0,0,0,0,1,1,0,1,0
2019,8,23,3305,2742,268,295,2,0,24.4,0.0,0.6,82.1,74.155776,26.722257025294887,0,0,0,1,0,1,0,0,0,0,1,0,1,0
2019,8,26,3305,2913,162,230,596,0,23.9,0.0,1.0,77.5,72.91377499999999,26.0802,0,0,0,1,0,0,1,0,0,0,1,0,1,0
2019,8,27,3305,2921,118,266,550,0,22.6,10.7,0.5,92.8,72.09867200000001,25.009695101627425,0,0,0,1,0,0,0,0,1,0,1,0,1,0
2019,8,29,3305,2884,132,289,435,0,22.3,0.2,0.9,89.8,71.346746,24.49365986180652,0,0,0,1,0,0,0,1,0,0,1,0,1,0
2019,8,30,3305,2747,253,305,1,0,22.7,0.0,0.7,74.6,70.784058,24.9900337525428,0,0,0,1,0,1,0,0,0,0,1,0,1,0
2019,9,2,3111,2761,137,213,564,0,20.2,24.9,0.5,94.6,68.052308,22.666389244132365,0,1,0,0,0,0,1,0,0,0,1,0,1,0
2019,9,3,3111,2754,103,254,460,0,21.9,95.9,0.5,94.5,71.01404500000001,24.326230893191365,0,1,0,0,0,0,0,0,1,0,1,0,1,0
2019,9,4,3111,2739,102,270,0,0,23.6,11.5,0.4,94.6,73.990544,26.04925074358176,0,1,0,0,0,0,0,0,0,1,1,0,1,0
2019,9,6,3111,2596,214,301,0,0,26.0,1.8,1.2,85.8,77.17552,28.186593229172978,0,1,0,0,0,1,0,0,0,0,1,0,1,0
2019,9,9,3111,2746,148,217,523,0,26.5,0.7,0.9,85.6,77.98136,28.741422062765206,0,1,0,0,0,0,1,0,0,0,1,0,1,0
2019,9,10,3111,2731,142,238,401,0,26.2,0.2,0.8,82.0,77.06515999999999,28.45603129675296,0,1,0,0,0,0,0,0,1,0,1,0,1,0
2019,9,11,3111,2550,426,135,0,0,25.7,1.8,1.1,83.8,76.454834,27.894468301073225,0,1,0,0,0,0,0,0,0,1,0,1,1,0
2019,9,17,3111,2795,75,241,606,0,20.8,0.0,1.0,69.4,67.514648,22.9244,0,1,0,0,0,0,0,0,1,0,1,0,1,0
2019,9,18,3111,2790,71,250,0,0,21.1,0.0,0.8,67.4,67.831986,23.335154436947523,0,1,0,0,0,0,0,0,0,1,1,0,1,0
2019,9,19,3111,2741,80,290,441,0,19.4,0.0,0.8,72.3,65.561038,21.62819548367904,0,1,0,0,0,0,0,1,0,0,1,0,1,0
2019,9,20,3111,2627,182,302,2,0,19.2,0.0,1.1,72.1,65.246468,21.237864994950904,0,1,0,0,0,1,0,0,0,0,1,0,1,0
2019,9,23,3111,2783,114,214,569,0,18.1,0.1,0.8,86.6,64.095054,20.32287393117961,0,1,0,0,0,0,1,0,0,0,1,0,1,0
2019,9,25,3111,2766,60,285,1,0,17.7,0.0,0.6,80.4,63.228292,20.110146255297924,0,1,0,0,0,0,0,0,0,1,1,0,1,0
2019,9,26,3111,2724,75,312,542,0,20.5,0.0,0.5,81.6,67.79692,22.959302476319245,0,1,0,0,0,0,0,1,0,0,1,0,1,0
2019,9,27,3111,2625,177,309,2,0,21.7,3.4,0.6,84.6,69.953818,24.05767507320656,0,1,0,0,0,1,0,0,0,0,1,0,1,0
2019,9,30,3111,2597,283,231,366,0,23.5,0.0,0.7,84.8,72.93732,25.786838620209743,0,1,0,0,0,0,1,0,0,0,0,1,1,0
2019,10,2,3121,2660,244,217,310,0,21.6,139.6,1.3,94.1,70.46204399999999,23.61851879447384,0,1,0,0,0,0,0,0,0,1,0,1,1,0
2019,10,4,3121,2622,268,231,428,0,21.4,0.0,0.7,83.4,69.376924,23.695225842584023,0,1,0,0,0,1,0,0,0,0,1,0,1,0
2019,10,10,3121,2568,284,269,398,0,15.0,0.0,0.5,73.0,58.8515,17.589226552893074,0,1,0,0,0,0,0,1,0,0,1,0,1,0
2019,10,11,3121,2447,389,285,3,0,18.9,0.0,0.9,63.6,64.414396,21.0549952229352,0,1,0,0,0,1,0,0,0,0,1,0,1,0
2019,10,15,3121,2749,112,260,534,0,14.9,0.0,1.0,75.6,58.709956000000005,16.918200000000002,0,1,0,0,0,0,0,0,1,0,1,0,1,0
2019,10,16,3121,2727,116,278,1,0,13.3,0.0,0.6,76.4,56.207388,15.767864555598422,0,1,0,0,0,0,0,0,0,1,1,0,1,0
2019,10,17,3121,2676,144,301,364,0,13.5,0.0,0.7,80.8,56.47952,15.826777774373024,0,1,0,0,0,0,0,1,0,0,1,0,1,0
2019,10,18,3121,2489,332,300,2,0,14.9,9.8,0.7,87.4,58.763174,17.221186292790165,0,1,0,0,0,1,0,0,0,0,1,0,1,0
2019,10,21,3121,2726,168,227,709,0,14.8,0.0,0.7,78.6,58.564672,17.121585684331798,0,1,0,0,0,0,1,0,0,0,1,0,1,0
2019,10,22,3121,2644,99,378,381,0,15.9,0.0,0.7,80.4,60.337564,18.21719237737384,0,1,0,0,0,0,0,0,1,0,1,0,1,0
2019,10,23,3121,2746,89,286,2,0,16.1,0.0,0.5,80.3,60.657117,18.663241737578307,0,1,0,0,0,0,0,0,0,1,1,0,1,0
2019,10,24,3121,2679,129,313,410,0,18.0,0.0,1.3,69.8,63.33696,19.89252354469908,0,1,0,0,0,0,0,1,0,0,1,0,1,0
2019,10,28,3121,2635,219,267,464,0,10.7,0.0,0.8,74.4,52.208992,12.892582016952108,0,1,0,0,0,0,1,0,0,0,1,0,1,0
2019,10,29,3121,2716,112,293,477,0,11.9,0.0,1.0,72.4,54.115244,13.8642,0,1,0,0,0,0,0,0,1,0,1,0,1,0
2019,11,1,3104,2529,248,327,1,0,12.6,0.0,0.4,79.4,55.056156,15.446012205437992,0,1,0,0,0,1,0,0,0,0,1,0,1,0
2019,11,7,3104,2669,133,302,424,0,10.9,0.0,0.6,72.9,52.570939,13.399347264853237,0,1,0,0,0,0,0,1,0,0,1,0,1,0
2019,11,8,3104,2524,271,309,1,0,8.4,0.0,0.4,71.5,48.82544,11.397502945419465,0,1,0,0,0,1,0,0,0,0,1,0,1,0
2019,11,11,3104,2718,150,236,568,0,12.7,0.0,1.3,68.4,55.405732,14.407030538086238,0,1,0,0,0,0,1,0,0,0,1,0,1,0
2019,11,13,3104,2678,136,290,0,0,10.5,0.0,1.1,68.8,52.11836,12.328257492910264,0,1,0,0,0,0,0,0,0,1,1,0,1,0
2019,11,14,3104,2630,188,286,453,0,6.1,0.0,1.9,47.9,47.283981,6.991665237455461,0,1,0,0,0,0,0,1,0,0,1,0,1,0
2019,11,18,3104,2691,183,230,672,0,11.8,12.8,1.4,64.1,54.179862,13.39229716927658,0,1,0,0,0,0,1,0,0,0,1,0,1,0
2019,11,19,3104,2680,139,285,562,0,4.9,0.0,1.3,63.0,44.31613,6.334040830240933,0,1,0,0,0,0,0,0,1,0,1,0,1,0
2019,11,20,3104,2642,174,288,0,0,4.2,0.0,0.8,55.9,44.032622,6.365974254454981,0,1,0,0,0,0,0,0,0,1,1,0,1,0
2019,11,21,3104,2612,188,304,480,0,5.2,0.0,0.8,57.0,45.29536,7.370067756377617,0,1,0,0,0,0,0,1,0,0,1,0,1,0
2019,11,22,3104,2465,329,310,1,0,8.7,0.0,0.5,71.9,49.258047,11.43804867696854,0,1,0,0,0,1,0,0,0,0,1,0,1,0
2019,11,25,3104,2699,170,235,733,0,9.8,0.0,1.9,56.8,51.626336,10.916934276582628,0,1,0,0,0,0,1,0,0,0,1,0,1,0
2019,11,26,3104,2705,129,270,634,0,9.7,0.0,0.9,69.1,50.911373,11.75037325893046,0,1,0,0,0,0,0,0,1,0,1,0,1,0
2019,11,28,3104,2640,167,297,558,0,6.5,0.0,0.9,69.4,46.10669,8.513983010580983,0,1,0,0,0,0,0,1,0,0,1,0,1,0
2019,12,2,3111,2741,169,201,748,0,5.9,0.0,1.7,54.6,46.460386,6.956005241031802,0,0,0,0,1,0,1,0,0,0,1,0,1,0
2019,12,3,3111,2749,115,247,789,0,2.1,0.0,0.7,74.9,38.847471,4.472308410119171,0,0,0,0,1,0,0,0,1,0,1,0,1,0
2019,12,4,3111,2736,118,257,1,0,2.9,0.0,0.7,71.0,40.53441,5.269113277786109,0,0,0,0,1,0,0,0,0,1,1,0,1,0
2019,12,6,3111,2500,312,299,5,0,-1.9,0.0,1.0,44.5,37.560455,-0.1841999999999994,0,0,0,0,1,1,0,0,0,0,1,0,1,0
2019,12,9,3111,2729,190,192,819,0,1.2,0.0,0.5,71.1,37.949368,4.115217872296483,0,0,0,0,1,0,1,0,0,0,1,0,1,0
2019,12,10,3111,2708,155,248,800,0,5.1,0.0,0.5,79.8,43.048702,7.923089890725951,0,0,0,0,1,0,0,0,1,0,1,0,1,0
2019,12,13,3111,2535,266,310,2,0,0.5,0.0,0.4,63.4,37.95263,3.782449813479845,0,0,0,0,1,1,0,0,0,0,1,0,1,0
2019,12,16,3111,2694,206,211,709,0,5.3,0.0,0.3,80.6,43.296282,8.769412808821158,0,0,0,0,1,0,1,0,0,0,1,0,1,0
2019,12,17,3111,2689,155,267,613,0,7.3,0.0,0.5,83.3,46.321191,10.07112026009642,0,0,0,0,1,0,0,0,1,0,1,0,1,0
2019,12,19,3111,2676,165,270,591,0,4.4,0.0,1.2,47.1,45.180376,5.9442775382484045,0,0,0,0,1,0,0,1,0,0,1,0,1,0
2019,12,20,3111,2513,337,261,4,0,1.9,0.0,0.7,58.9,40.524209,4.273107193202437,0,0,0,0,1,1,0,0,0,0,1,0,1,0
2019,12,23,3111,2540,343,228,131,0,2.3,0.0,0.6,73.3,39.350141,4.912160306349667,0,0,0,0,1,0,1,0,0,0,1,0,1,0
2019,12,26,3111,2324,538,249,151,0,4.6,1.2,0.7,72.0,43.00888,6.962323621578349,0,0,0,0,1,0,0,1,0,0,1,0,1,0
2019,12,27,3111,2169,706,236,1,0,2.2,0.0,1.5,45.1,42.614978,3.2859914886503243,0,0,0,0,1,1,0,0,0,0,1,0,1,0
2019,12,31,3111,2253,709,149,22,0,-1.1,0.0,2.2,35.3,39.976683,-0.9572068576290356,0,0,0,0,1,0,0,0,1,0,0,1,1,0
2020,1,2,2821,2433,255,133,338,0,-0.3,0.0,0.3,74.0,35.25522,3.4576659013444213,0,0,0,0,1,0,0,1,0,0,1,0,1,0
2020,1,6,2821,2494,119,203,424,5,3.1,13.8,0.3,85.3,39.230957,6.682655095169584,0,0,0,0,1,0,1,0,0,0,1,0,1,0
2020,1,7,2821,2515,95,204,448,7,9.9,40.3,0.9,93.6,50.107936,11.9526476494523,0,0,0,0,1,0,0,0,1,0,1,0,1,0
2020,1,8,2821,2477,117,222,7,5,7.4,0.0,3.1,66.4,47.663264,7.609143337501429,0,0,0,0,1,0,0,0,0,1,1,0,1,0
2020,1,10,2821,2292,264,262,0,3,0.7,0.0,0.4,70.6,37.260458,3.975235968718823,0,0,0,0,1,1,0,0,0,0,1,0,1,0
2020,1,13,2821,2462,141,218,526,0,-0.2,0.0,0.6,68.8,36.163376,2.4449547951567667,0,0,0,0,1,0,1,0,0,0,1,0,1,0
2020,1,15,2821,2489,97,235,4,0,-0.4,0.0,0.7,63.9,36.585256,1.9822931986599928,0,0,0,0,1,0,0,0,0,1,1,0,1,0
2020,1,17,2821,2310,242,269,0,0,1.9,0.0,0.4,51.1,41.492891,5.131952900152688,0,0,0,0,1,1,0,0,0,0,1,0,1,0
2020,1,21,2821,2488,96,237,491,0,0.6,0.0,0.7,53.0,39.52182,2.978299283243664,0,0,0,0,1,0,0,0,1,0,1,0,1,0
2020,1,23,2821,2199,481,141,38,0,6.7,7.9,0.6,93.4,44.566022,9.254442006049167,0,0,0,0,1,0,0,1,0,0,0,1,1,0
2020,1,29,2821,2506,101,214,4,0,6.6,0.5,0.7,81.6,45.308944,8.954335790745692,0,0,0,0,1,0,0,0,0,1,1,0,1,0
2020,1,30,2821,2484,76,261,482,0,5.2,0.0,0.8,72.6,43.867648,7.370067756377617,0,0,0,0,1,0,0,1,0,0,1,0,1,0
2020,2,3,2872,2562,101,208,537,1,1.6,0.0,0.7,65.0,39.3306,3.974305367827336,0,0,0,0,1,0,1,0,0,0,1,0,1,0
2020,2,4,2872,2578,72,222,471,0,0.3,0.0,0.7,60.9,38.015173,2.6794974578685635,0,0,0,0,1,0,0,0,1,0,1,0,1,0
2020,2,5,2872,2595,62,215,4,0,-0.1,0.0,2.2,35.5,41.107355,0.1141049179328456,0,0,0,0,1,0,0,0,0,1,1,0,1,0
2020,2,6,2872,2549,90,233,426,0,-1.6,0.0,1.1,31.5,40.00054,-0.0632655846405157,0,0,0,0,1,0,0,1,0,0,1,0,1,0
2020,2,7,2872,2485,140,247,2,0,2.3,0.0,0.7,40.9,43.245593,4.671509627035906,0,0,0,0,1,1,0,0,0,0,1,0,1,0
2020,2,11,2872,2622,52,198,748,0,5.4,0.0,0.6,62.9,45.041934,7.97149514022886,0,0,0,0,1,0,0,0,1,0,1,0,1,0
2020,2,12,2872,2597,65,210,5,0,8.6,20.8,0.6,93.9,47.832946,11.129518194555772,0,0,0,0,1,0,0,0,0,1,1,0,1,0
2020,2,13,2872,2552,71,249,620,0,8.3,0.0,0.7,85.1,47.846367,10.647546134537931,0,0,0,0,1,0,0,1,0,0,1,0,1,0
2020,2,18,2872,2586,47,239,666,0,0.4,0.0,1.1,48.3,39.908368,1.984920048012506,0,0,0,0,1,0,0,0,1,0,1,0,1,0
2020,2,19,2872,2586,62,224,1,0,3.1,0.0,0.6,54.9,42.645181,5.7016660699313935,0,0,0,0,1,0,0,0,0,1,1,0,1,0
2020,2,20,2872,2540,78,254,549,0,5.4,0.0,0.6,58.9,45.400094,7.97149514022886,0,0,0,0,1,0,0,1,0,0,1,0,1,0
2020,2,24,2872,2572,144,156,846,0,6.7,0.6,0.7,66.0,46.66678,9.05393639920406,0,0,0,0,1,0,1,0,0,0,1,0,1,0
2020,2,25,2872,2597,117,158,806,0,8.1,17.1,0.8,94.5,46.925455,10.281938911953262,0,0,0,0,1,0,0,0,1,0,1,0,1,0
2020,2,26,2872,2573,109,190,4,0,9.4,0.0,0.9,79.1,49.963746,11.446961673147698,0,0,0,0,1,0,0,0,0,1,1,0,1,0
2020,2,27,2872,2529,121,217,667,5,7.3,0.0,1.1,67.6,47.431652,9.051160480665429,0,0,0,0,1,0,0,1,0,0,1,0,1,0
2020,2,28,2872,2421,210,234,0,7,5.2,1.3,0.5,84.5,42.77856,8.020727634788248,0,0,0,0,1,1,0,0,0,0,1,0,1,0
2020,3,2,2950,2695,108,133,786,14,7.7,0.0,1.6,43.6,49.625828,8.939043083612592,0,0,1,0,0,0,1,0,0,0,1,0,1,0
2020,3,3,2950,2677,76,185,753,12,6.9,0.0,0.6,67.6,46.839956,9.451818446944598,0,0,1,0,0,0,0,0,1,0,1,0,1,0
2020,3,4,2950,2652,74,205,1,19,6.2,0.0,1.8,52.0,47.07776,7.1828160685091405,0,0,1,0,0,0,0,0,0,1,1,0,1,0
2020,3,5,2950,2619,84,232,612,15,3.3,0.0,1.2,46.8,43.809556,4.81156701695132,0,0,1,0,0,0,0,1,0,0,1,0,1,0
2020,3,6,2950,2521,166,251,0,12,4.1,0.0,0.8,57.5,43.732425,6.265564904262717,0,0,1,0,0,1,0,0,0,0,1,0,1,0
2020,3,9,2950,2714,91,129,784,16,8.0,7.4,0.4,85.0,47.357,11.011930634941503,0,0,1,0,0,0,1,0,0,0,1,0,1,0
2020,3,10,2950,2695,67,168,678,20,9.0,10.3,1.0,79.3,49.31573,10.912,0,0,1,0,0,0,0,0,1,0,1,0,1,0
2020,3,13,2950,2506,165,259,0,20,9.3,0.0,0.8,52.6,51.154082,11.486851114260425,0,0,1,0,0,1,0,0,0,0,1,0,1,0
2020,3,17,2950,2698,61,171,679,20,9.3,0.0,1.6,54.4,51.062408000000005,10.617389961705666,0,0,1,0,0,0,0,0,1,0,1,0,1,0
2020,3,18,2950,2668,47,210,0,25,9.4,0.0,0.9,58.8,50.97752800000001,11.446961673147698,0,0,1,0,0,0,0,0,0,1,1,0,1,0
2020,3,19,2950,2626,70,235,560,19,12.1,0.0,2.9,50.1,54.938179000000005,12.847155626131634,0,0,1,0,0,0,0,1,0,0,1,0,1,0
2020,3,20,2950,2376,176,263,3,135,10.6,0.0,1.9,36.6,53.493004,11.765641095853365,0,0,1,0,0,1,0,0,0,0,1,0,1,0
2020,3,23,2950,2378,109,178,687,285,11.6,0.0,1.4,46.6,54.383744,13.184311002989553,0,0,1,0,0,0,1,0,0,0,1,0,1,0
2020,3,24,2950,2379,131,137,639,303,9.6,0.0,0.8,56.8,51.351872,11.78807916483721,0,0,1,0,0,0,0,0,1,0,1,0,1,0
2020,3,25,2950,2379,122,146,1,303,11.2,0.0,0.9,58.9,53.480132,13.267431187844275,0,0,1,0,0,0,0,0,0,1,1,0,1,0
2020,3,26,2950,2396,133,133,584,288,10.8,18.6,0.4,88.8,51.844096,13.710936808287194,0,0,1,0,0,0,0,1,0,0,1,0,1,0
2020,3,27,2950,2280,254,156,0,260,14.6,0.9,0.7,79.6,58.248584,16.922384467415064,0,0,1,0,0,1,0,0,0,0,1,0,1,0
2020,3,30,2950,2179,230,53,627,488,11.4,0.0,0.9,64.3,53.595998,13.46970557836612,0,0,1,0,0,0,1,0,0,0,1,0,1,0
2020,4,3,2962,2123,350,149,1,340,10.8,0.0,0.9,47.9,53.319768,12.862882406800594,0,0,1,0,0,1,0,0,0,0,1,0,1,0
2020,4,6,2962,2127,206,152,713,477,9.3,0.0,0.7,51.1,51.230477,11.643552219121606,0,0,1,0,0,0,1,0,0,0,1,0,1,0
2020,4,7,2962,2152,164,156,698,490,13.0,0.0,0.8,51.3,56.096410000000006,15.201997071374173,0,0,1,0,0,0,0,0,1,0,1,0,1,0
2020,4,8,2962,2152,159,172,1,479,12.1,0.0,1.0,37.3,55.235267,14.067799999999998,0,0,1,0,0,0,0,0,0,1,1,0,1,0
2020,4,10,2962,2020,316,209,0,417,9.5,0.0,0.5,65.8,50.77409,12.219150629466892,0,0,1,0,0,1,0,0,0,0,1,0,1,0
2020,4,20,2962,2203,145,143,624,471,13.6,0.0,1.7,68.5,56.74334,15.065132236194705,0,0,1,0,0,0,1,0,0,0,1,0,1,0
2020,4,21,2962,2215,126,171,700,450,11.4,0.0,2.1,36.9,54.421834,12.49181606511168,0,0,1,0,0,0,0,0,1,0,1,0,1,0
2020,4,23,2962,2167,107,251,518,437,8.1,0.0,1.6,51.0,49.65769,9.358629803135862,0,0,1,0,0,0,0,1,0,0,1,0,1,0
2020,4,24,2962,2076,232,267,1,387,10.4,0.0,2.0,42.3,53.030308000000005,11.487290482673464,0,0,1,0,0,1,0,0,0,0,1,0,1,0
2020,4,28,2962,2211,118,223,493,410,12.4,0.0,0.7,54.3,55.244968,14.731171081330984,0,0,1,0,0,0,0,0,1,0,1,0,1,0
2020,5,7,2962,2365,76,236,577,285,16.2,0.0,1.2,53.5,60.35183,18.09517222125349,0,0,1,0,0,0,0,1,0,0,1,0,1,0
2020,5,8,2962,2298,153,265,0,246,15.7,0.0,0.7,66.6,59.844838,18.0179911604571,0,0,1,0,0,1,0,0,0,0,1,0,1,0
2020,5,11,2962,2428,94,195,659,245,19.6,0.0,0.6,58.8,65.177152,21.985222443804528,0,0,1,0,0,0,1,0,0,0,1,0,1,0
2020,5,12,2962,2415,67,230,690,250,19.4,0.0,2.3,44.3,64.187358,20.974903365457383,0,0,1,0,0,0,0,0,1,0,1,0,1,0
2020,5,13,2962,2416,68,242,0,236,17.1,0.0,0.9,51.8,61.512822,19.23452570823862,0,0,1,0,0,0,0,0,0,1,1,0,1,0
2020,5,15,2962,2304,161,296,0,201,15.0,17.8,0.3,91.9,58.95545,17.970117273557648,0,0,1,0,0,1,0,0,0,0,1,0,1,0
2020,5,19,2962,2412,78,235,617,237,14.3,0.0,1.7,75.5,57.775035,15.80232559939133,0,0,1,0,0,0,0,0,1,0,1,0,1,0
2020,5,22,2962,2253,226,277,0,206,16.5,0.0,0.9,72.9,61.148515,18.62770253667309,0,0,1,0,0,1,0,0,0,0,1,0,1,0
2020,5,28,2962,2414,66,270,431,212,19.5,0.0,0.9,66.5,65.423325,21.661818394500727,0,0,1,0,0,0,0,1,0,0,1,0,1,0
2020,5,29,2962,2240,236,284,1,202,20.2,0.0,0.8,65.5,66.39419000000001,22.431470285217152,0,0,1,0,0,1,0,0,0,0,1,0,1,0
2020,6,1,2956,2447,109,185,612,215,22.1,0.0,1.1,63.1,68.983349,24.20773416229779,0,0,0,1,0,0,1,0,0,0,1,0,1,0
2020,6,2,2956,2448,64,231,605,213,20.2,0.0,0.9,56.6,65.887068,22.36977876132718,0,0,0,1,0,0,0,0,1,0,1,0,1,0
2020,6,3,2956,2451,63,251,0,191,21.4,0.0,0.9,77.3,68.95687799999999,23.58342510445823,0,0,0,1,0,0,0,0,0,1,1,0,1,0
2020,6,4,2956,2393,71,284,403,208,24.2,0.0,1.0,76.6,73.300028,26.385600000000004,0,0,0,1,0,0,0,1,0,0,1,0,1,0
2020,6,5,2956,2256,233,291,0,176,24.1,0.0,0.9,72.3,72.732157,26.314129376503104,0,0,0,1,0,1,0,0,0,0,1,0,1,0
2020,6,8,2956,2398,121,236,566,201,23.1,0.0,0.7,63.6,70.46088400000001,25.388436186376268,0,0,0,1,0,0,1,0,0,0,1,0,1,0
2020,6,10,2956,2432,75,248,4,201,24.7,0.4,0.9,75.8,74.002974,26.92095254806862,0,0,0,1,0,0,0,0,0,1,1,0,1,0
2020,6,11,2956,2422,82,280,399,172,24.8,3.2,0.8,85.9,75.194468,27.05030039406127,0,0,0,1,0,0,0,1,0,0,1,0,1,0
2020,7,1,2997,2521,71,252,9,153,22.3,0.0,0.8,77.4,70.382398,24.54006663925468,0,0,0,1,0,0,0,0,0,1,1,0,1,0
2020,7,2,2997,2495,82,268,446,152,21.6,0.0,0.6,81.4,69.562376,23.958986852758848,0,0,0,1,0,0,0,1,0,0,1,0,1,0
2020,7,3,2997,2291,261,288,1,157,19.5,10.4,0.8,91.4,66.66957,21.7286048338713,0,0,0,1,0,1,0,0,0,0,1,0,1,0
2020,7,6,2997,2479,126,220,626,172,22.0,0.0,0.3,92.8,71.06144,24.60980090790357,0,0,0,1,0,0,1,0,0,0,1,0,1,0
2020,7,7,2997,2526,77,242,575,152,24.6,0.0,1.0,84.9,74.76184599999999,26.792800000000007,0,0,0,1,0,0,0,0,1,0,1,0,1,0
2020,7,8,2997,2511,77,251,7,158,24.9,0.0,0.9,80.3,74.78085300000001,27.12322693859047,0,0,0,1,0,0,0,0,0,1,1,0,1,0
2020,7,9,2997,2449,99,290,449,159,22.6,2.6,1.1,90.6,71.92104400000001,24.719780570461047,0,0,0,1,0,0,0,1,0,0,1,0,1,0
2020,7,10,2997,2339,233,290,0,135,23.9,62.6,1.0,91.6,74.233676,26.0802,0,0,0,1,0,1,0,0,0,0,1,0,1,0
2020,7,13,2997,2506,118,225,632,148,19.3,121.1,0.6,98.9,66.687123,21.68915778246138,0,0,0,1,0,0,1,0,0,0,1,0,1,0
2020,7,14,2997,2550,80,224,561,143,20.2,7.9,1.0,96.3,68.149174,22.3136,0,0,0,1,0,0,0,0,1,0,1,0,1,0
2020,7,15,2997,2486,80,248,4,183,19.5,7.5,0.5,97.8,66.98989,21.982925035696304,0,0,0,1,0,0,0,0,0,1,1,0,1,0
2020,7,17,2997,2309,249,291,2,148,22.7,0.0,0.9,81.9,71.380687,24.898208642850207,0,0,0,1,0,1,0,0,0,0,1,0,1,0
2020,7,22,2997,2433,165,250,9,149,23.4,36.1,0.5,95.3,73.70329799999999,25.79079705412577,0,0,0,1,0,0,0,0,0,1,1,0,1,0
2020,7,23,2997,2433,156,274,377,134,22.5,102.8,1.2,96.8,72.2448,24.58251429777316,0,0,0,1,0,0,0,1,0,0,1,0,1,0
2020,7,24,2997,2257,344,281,0,115,21.1,9.3,1.2,92.5,69.485825,23.14088272521324,0,0,0,1,0,1,0,0,0,0,1,0,1,0
2020,7,28,2997,2382,252,213,565,150,24.4,21.9,0.7,94.9,75.417344,26.68324409633504,0,0,0,1,0,0,0,0,1,0,1,0,1,0
2020,7,29,2997,2358,256,233,11,150,24.4,23.7,0.4,95.6,75.486336,26.82039536453767,0,0,0,1,0,0,0,0,0,1,1,0,1,0
2020,7,30,2997,2279,346,242,395,130,24.6,48.4,0.8,93.8,75.65665200000001,26.849481693676747,0,0,0,1,0,0,0,1,0,0,1,0,1,0
2020,7,31,2997,2115,496,261,0,125,26.2,0.0,0.8,88.3,77.79835399999999,28.45603129675296,0,0,0,1,0,1,0,0,0,0,1,0,1,0
2020,8,5,2989,2202,490,182,7,115,27.1,26.6,1.1,90.4,79.57721599999999,29.328198243930345,0,0,0,1,0,0,0,0,0,1,1,0,1,0
2020,8,6,2989,2180,482,218,364,109,26.9,11.8,1.6,89.3,79.100583,29.079205620729454,0,0,0,1,0,0,0,1,0,0,1,0,1,0
2020,8,10,2989,2227,476,191,548,95,25.8,68.9,1.2,95.3,77.91162600000001,27.980645861664414,0,0,0,1,0,0,1,0,0,0,1,0,1,0
2020,8,11,2989,2243,456,188,465,102,26.5,21.9,1.2,89.8,78.48263,28.70146164794438,0,0,0,1,0,0,0,0,1,0,1,0,1,0
2020,8,12,2989,2216,449,213,12,111,27.8,1.8,1.0,88.6,80.532692,30.050400000000003,0,0,0,1,0,0,0,0,0,1,1,0,1,0
2020,8,13,2989,2128,504,245,353,112,28.0,0.0,1.2,84.5,80.31989999999999,30.246066904258583,0,0,0,1,0,0,0,1,0,0,1,0,1,0
2020,8,14,2989,1973,644,256,1,116,28.7,0.0,1.5,82.5,81.190225,30.96724008890361,0,0,0,1,0,1,0,0,0,0,0,1,1,0
2020,8,18,2989,2220,469,195,534,105,28.5,0.0,0.9,79.5,80.44742500000001,30.764165967983622,0,0,0,1,0,0,0,0,1,0,1,0,1,0
2020,8,19,2989,2216,420,227,10,126,28.3,0.0,0.7,78.5,79.99084500000001,30.56766782621136,0,0,0,1,0,0,0,0,0,1,1,0,1,0
2020,8,20,2989,2242,390,232,477,125,28.4,0.0,0.8,77.4,79.99758399999999,30.66503700098276,0,0,0,1,0,0,0,1,0,0,1,0,1,0
2020,8,21,2989,2094,497,249,0,149,27.5,0.0,0.9,80.8,79.0184,29.752794015374413,0,0,0,1,0,1,0,0,0,0,1,0,1,0
2020,8,24,2989,2253,302,185,683,249,27.1,0.0,0.8,79.1,78.161439,29.35971544848333,0,0,0,1,0,0,1,0,0,0,1,0,1,0
2020,8,25,2989,2295,219,190,757,285,28.0,0.0,1.0,77.8,79.42076,30.254,0,0,0,1,0,0,0,0,1,0,1,0,1,0
2020,8,26,2989,2214,215,197,2,363,27.4,8.3,2.1,85.0,79.39609999999999,29.579434699388308,0,0,0,1,0,0,0,0,0,1,1,0,1,0
2020,8,28,2989,2142,320,230,0,297,26.7,0.8,0.5,90.1,78.858833,29.01284260818148,0,0,0,1,0,1,0,0,0,0,1,0,1,0
2020,8,31,2989,2179,183,163,648,464,26.6,2.2,1.1,81.9,77.701846,28.81615183576709,0,0,0,1,0,0,1,0,0,0,1,0,0,1
2020,9,1,3132,2421,73,111,630,527,26.0,0.0,0.8,79.6,76.46624,28.25521259636844,0,1,0,0,0,0,0,0,1,0,1,0,1,0
2020,9,2,3132,2377,78,155,0,522,25.2,49.9,1.4,91.0,76.40168,27.327370310507224,0,1,0,0,0,0,0,0,0,1,1,0,0,1
2020,9,7,3132,2408,122,163,774,439,22.2,49.9,3.3,81.1,70.508858,23.80911749591608,0,1,0,0,0,0,1,0,0,0,1,0,1,0
2020,9,11,3132,2286,211,259,2,376,21.8,3.3,0.8,88.5,70.40257,24.03801988829337,0,1,0,0,0,1,0,0,0,0,1,0,0,1
2020,9,14,3132,2474,102,188,725,368,22.1,0.0,0.6,83.0,70.49157,24.452427954997425,0,1,0,0,0,0,1,0,0,0,1,0,1,0
2020,9,15,3132,2422,79,209,676,422,22.8,0.0,0.6,80.0,71.3856,25.143245498131435,0,1,0,0,0,0,0,0,1,0,1,0,1,0
2020,9,18,3132,2300,241,281,1,310,18.9,1.1,0.6,87.6,65.473036,21.29440490067051,0,1,0,0,0,1,0,0,0,0,1,0,0,1
2020,9,22,3132,2467,99,224,600,342,17.6,0.0,1.0,75.6,62.917744,19.6668,0,1,0,0,0,0,0,0,1,0,1,0,1,0
2020,9,23,3132,2465,88,234,1,345,19.1,0.0,1.1,70.5,65.02034499999999,21.13545571331825,0,1,0,0,0,0,0,0,0,1,1,0,1,0
2020,9,24,3132,2454,102,262,505,314,20.2,0.0,1.4,70.8,66.696184,22.12771615333161,0,1,0,0,0,0,0,1,0,0,1,0,1,0
2020,9,25,3132,2343,237,287,1,265,19.9,0.0,0.9,74.6,66.44814600000001,22.06636717554441,0,1,0,0,0,1,0,0,0,0,1,0,1,0
2020,9,28,3132,1817,985,188,81,142,17.0,0.0,0.7,76.0,61.9928,19.31279907041587,0,1,0,0,0,0,1,0,0,0,0,1,1,0
2020,10,5,3008,2494,91,131,825,292,15.9,0.0,1.8,52.1,59.929761,17.436675574519267,0,1,0,0,0,0,1,0,0,0,1,0,1,0
2020,10,6,3008,2482,64,183,804,279,15.1,0.0,0.8,62.1,58.934029,17.310593425411707,0,1,0,0,0,0,0,0,1,0,1,0,1,0
2020,10,7,3008,2430,54,232,6,292,17.4,0.0,1.2,60.5,62.16423,19.33085642630486,0,1,0,0,0,0,0,0,0,1,1,0,1,0
2020,10,14,3008,2502,68,267,3,171,13.4,0.0,0.7,63.5,56.49741,15.727177165914656,0,1,0,0,0,0,0,0,0,1,1,0,0,1
2020,10,15,3008,2467,97,269,898,175,14.0,0.0,1.0,50.1,57.41956,16.002,0,1,0,0,0,0,0,1,0,0,1,0,0,1
2020,10,20,3008,2539,84,241,518,144,12.8,0.0,0.6,68.9,55.546308,15.274423453359844,0,1,0,0,0,0,0,0,1,0,1,0,1,0
2020,10,21,3008,2502,107,239,6,160,13.4,27.6,0.4,85.0,56.2751,16.217156826393904,0,1,0,0,0,0,0,0,0,1,1,0,0,1
2020,10,23,3008,2367,223,283,2,135,11.1,0.0,1.4,53.1,53.532859,12.664345587271994,0,1,0,0,0,1,0,0,0,0,1,0,1,0
2020,10,28,3008,2478,105,287,3,138,12.7,0.0,0.4,80.9,55.189857,15.54240528305748,0,1,0,0,0,0,0,0,0,1,1,0,0,1
2020,10,29,3008,2442,131,298,418,137,10.5,0.0,0.6,65.0,52.26675,13.004594383062374,0,1,0,0,0,0,0,1,0,0,1,0,0,1
2020,10,30,3008,2263,340,298,1,107,10.7,0.0,0.5,69.1,52.405463,13.39080355821442,0,1,0,0,0,1,0,0,0,0,1,0,1,0
2020,11,4,3021,2503,112,283,1,123,5.3,0.0,0.6,64.6,44.744762,7.872806919781144,0,1,0,0,0,0,0,0,0,1,1,0,0,1
2020,11,6,3021,2331,266,305,1,119,11.0,0.0,0.4,74.4,52.67296,13.90372296352617,0,1,0,0,0,1,0,0,0,0,1,0,1,0
2020,11,9,3021,2505,144,241,691,131,8.0,0.0,1.7,42.9,50.04298,9.167585330621682,0,1,0,0,0,0,1,0,0,0,1,0,0,1
2020,11,11,3021,2498,105,303,1,115,6.4,0.0,0.6,63.8,46.402968,8.95837734470602,0,1,0,0,0,0,0,0,0,1,1,0,1,0
2020,11,12,3021,2483,125,308,464,105,7.5,0.0,0.5,72.5,47.390625,10.266395748221012,0,1,0,0,0,0,0,1,0,0,1,0,1,0
2020,11,13,3021,2296,317,292,0,116,8.4,0.0,0.4,74.4,48.651904,11.397502945419465,0,1,0,0,0,1,0,0,0,0,1,0,1,0
2020,11,17,3021,2516,112,274,691,119,15.1,0.0,0.5,77.3,59.032677,17.686864296955363,0,1,0,0,0,0,0,0,1,0,1,0,1,0
2020,11,18,3021,2523,93,282,0,123,18.2,1.9,0.9,86.5,64.25807,20.34703485610876,0,1,0,0,0,0,0,0,0,1,1,0,0,1
2020,11,19,3021,2490,144,277,541,110,19.3,20.4,2.0,84.3,65.98530099999999,20.96137919985962,0,1,0,0,0,0,0,1,0,0,1,0,1,0
2020,11,20,3021,2239,343,292,0,147,9.7,0.0,1.0,71.3,50.808039,11.6246,0,1,0,0,0,1,0,0,0,0,1,0,1,0
2020,11,23,3021,2354,198,208,899,261,6.0,0.0,1.1,59.0,46.2276,7.719839819440967,0,1,0,0,0,0,1,0,0,0,1,0,0,1
2020,11,24,3021,2281,202,181,878,357,5.7,0.0,0.7,59.8,45.740114,8.057930314620389,0,1,0,0,0,0,0,0,1,0,1,0,0,1
2020,11,25,3021,2237,206,191,3,387,7.0,0.0,0.7,59.6,47.57748,9.352738224579165,0,1,0,0,0,0,0,0,0,1,1,0,1,0
2020,11,26,3021,2181,230,219,641,391,7.6,0.0,0.6,62.5,48.221,10.14263599007861,0,1,0,0,0,0,0,1,0,0,1,0,0,1
2020,11,27,3021,2079,406,235,2,301,7.2,0.0,1.2,60.3,47.807284,8.827540683368255,0,1,0,0,0,1,0,0,0,0,1,0,1,0
2020,11,30,3021,2275,253,148,798,345,4.1,0.0,1.2,55.9,43.896281,5.635356486985563,0,1,0,0,0,0,1,0,0,0,1,0,1,0
2020,12,1,2990,2217,204,161,878,408,2.2,0.0,0.8,52.4,41.730072,4.35778725060971,0,0,0,0,1,0,0,0,1,0,1,0,1,0
2020,12,2,2990,2212,223,157,5,398,3.0,0.0,0.4,52.4,42.79308,6.1922767539670645,0,0,0,0,1,0,0,0,0,1,1,0,0,1
2020,12,7,2990,2255,211,185,941,339,2.9,0.0,0.4,77.6,39.780096,6.095883676347577,0,0,0,0,1,0,1,0,0,0,1,0,1,0
2020,12,8,2990,2259,172,182,852,377,2.3,0.0,0.6,61.9,40.720763,4.912160306349667,0,0,0,0,1,0,0,0,1,0,1,0,1,0
2020,12,10,2990,2212,212,229,683,337,3.2,0.0,0.3,61.6,42.034688,6.7775077185173815,0,0,0,0,1,0,0,1,0,0,1,0,1,0
2020,12,11,2990,2072,398,228,0,292,4.8,0.0,0.4,73.3,43.189316000000005,7.927352151117866,0,0,0,0,1,1,0,0,0,0,1,0,1,0
2020,12,14,2990,2291,221,142,892,336,-1.1,0.0,2.5,33.8,40.207518,-1.2339705448327352,0,0,0,0,1,0,1,0,0,0,1,0,0,1
2020,12,15,2990,2208,203,179,814,400,-2.6,0.0,1.8,39.5,37.52877,-2.1196544111701456,0,0,0,0,1,0,0,0,1,0,1,0,1,0
2020,12,16,2990,2249,195,187,1,359,-2.7,0.0,1.5,51.4,35.388878,-1.8324280638493404,0,0,0,0,1,0,0,0,0,1,1,0,0,1
2020,12,17,2990,2246,226,184,653,334,-2.2,0.0,0.8,58.8,34.828936,-0.0602241578498866,0,0,0,0,1,0,0,1,0,0,1,0,0,1
2020,12,18,2990,2084,403,196,1,307,0.2,0.0,0.9,59.3,38.099514,2.1423397091429544,0,0,0,0,1,1,0,0,0,0,1,0,1,0
2020,12,21,2990,2250,248,153,526,339,-1.3,0.0,0.4,68.4,34.585492,2.047374416329046,0,0,0,0,1,0,1,0,0,0,1,0,1,0
2020,12,22,2990,2219,270,171,362,330,-0.7,0.0,0.4,76.3,34.293341,2.625732882045978,0,0,0,0,1,0,0,0,1,0,1,0,1,0
2020,12,24,2990,1780,777,160,24,273,4.3,0.0,1.2,58.3,43.927931,5.841303854494123,0,0,0,0,1,0,0,1,0,0,0,1,0,1
2021,1,4,2983,2460,92,91,490,340,-1.5,0.0,0.4,60.5,35.535075,1.8545882610900684,0,0,0,0,1,0,1,0,0,0,1,0,1,0
2021,1,5,2983,2338,99,156,500,390,-0.4,0.0,1.2,51.9,38.348776,1.0015407180429443,0,0,0,0,1,0,0,0,1,0,1,0,1,0
2021,1,6,2983,2309,85,156,11,433,-2.3,0.0,1.1,48.0,36.48004,-0.7801305560690736,0,0,0,0,1,0,0,0,0,1,1,0,1,0
2021,1,7,2983,2282,98,182,413,421,-6.9,0.0,2.7,41.6,31.920504,-7.703855023063218,0,0,0,0,1,0,0,1,0,0,1,0,1,0
2021,1,8,2983,2137,255,218,0,373,-9.1,0.0,1.0,48.0,27.74068,-7.513800000000001,0,0,0,0,1,1,0,0,0,0,1,0,1,0
2021,1,11,2983,2351,105,158,517,369,-3.3,0.0,0.4,69.1,31.488203,0.1195128639392693,0,0,0,0,1,0,1,0,0,0,1,0,1,0
2021,1,13,2983,2335,80,175,8,393,3.4,0.0,1.3,67.4,41.684484,4.781542809501451,0,0,0,0,1,0,0,0,0,1,1,0,1,0
2021,1,14,2983,2318,90,205,428,370,3.3,0.0,0.5,69.9,41.260933,6.165610497604659,0,0,0,0,1,0,0,1,0,0,1,0,1,0
2021,1,15,2983,2193,229,222,0,339,7.5,0.0,1.2,74.8,47.2325,9.136461734631098,0,0,0,0,1,1,0,0,0,0,1,0,1,0
2021,1,19,2983,2373,62,176,508,372,-1.9,0.0,0.8,44.0,37.641360000000006,0.2410038927269047,0,0,0,0,1,0,0,0,1,0,1,0,1,0
2021,1,20,2983,2319,75,198,4,391,-0.4,0.0,0.5,64.0,36.57056,2.5530139672997767,0,0,0,0,1,0,0,0,0,1,1,0,1,0
2021,1,21,2983,2309,92,231,462,351,5.2,1.7,0.6,77.8,43.391744,7.77411869933343,0,0,0,0,1,0,0,1,0,0,1,0,1,0
